1001	1	21	2	2	2	1	1	1	2	1	1	1	1	2	1	1	1	1	1	1	3	2	2	2	3	2	1	2	3	2	1	2	2	1	1
1002	2	21	2	1	2	1	1	2	1	2	2	1	2	2	2	2	2	3	1	3	1	1	2	1	1	1	1	2	1	1	2	2	2	1	3
1003	1	21	2	1	1	1	1	1	2	1	1	1	1	1	1	1	1	1	2	1	1	3	1	1	1	1	1	1	2	2	1	1	1	1	1
1004	2	21	2	1	2	1	1	1	1	1	1	2	1	2	1	1	1	3	3	1	2	1	1	2	1	1	1	1	2	1	2	2	1	1	2
1005	2	21	2	2	1	1	1	1	2	1	1	1	1	1	1	1	1	1	2	1	1	2	1	1	2	1	1	2	1	1	1	1	1	1	1
1006	1	21	2	1	2	2	1	1	1	2	1	2	1	2	1	2	1	1	1	1	1	1	1	1	2	2	1	1	1	1	2	1	2	2	2
1007	2	21	2	2	1	1	1	1	2	1	1	1	1	1	1	1	2	1	1	1	2	1	1	1	2	2	1	2	1	1	3	2	2	1	1
1008	2	21	2	1	1	3	1	1	1	1	2	1	1	1	2	2	2	1	2	2	1	2	1	1	1	1	1	2	1	1	2	1	2	1	2
1009	1	21	2	1	1	2	1	3	3	2	2	1	1	3	3	1	1	2	2	2	2	1	2	2	3	2	2	2	2	2	2	2	3	2	3
1010	2	21	2	1	1	1	1	2	1	1	1	1	1	2	1	1	2	2	1	1	1	1	1	1	1	1	1	2	1	1	1	1	1	1	1
1011	1	21	2	2	3	2	1	3	1	2	2	1	2	2	2	2	1	1	1	3	1	1	2	1	2	1	2	2	2	1	1	2	1	2	2
1012	2	21	2	1	2	1	1	2	2	2	2	1	1	2	2	1	1	2	1	1	1	1	2	1	1	1	1	1	1	1	2	1	1	1	1
1013	2	21	2	1	1	1	1	2	1	1	1	2	1	1	2	1	2	1	1	1	3	1	2	1	2	1	1	1	1	2	2	1	1	1	1
1014	2	21	2	1	2	1	1	2	2	2	1	1	1	2	1	1	1	1	1	2	1	1	2	1	2	2	1	1	2	1	2	1	2	1	1
1015	1	21	2	1	1	2	1	1	3	1	1	1	1	2	2	2	2	1	1	2	1	1	1	1	2	2	1	2	2	2	2	1	2	1	1
1016	2	21	2	2	2	1	1	1	1	1	1	1	1	1	1	1	2	1	1	1	3	3	1	1	1	2	1	1	2	1	1	1	1	1	1
1018	1	21	2	2	2	2	1	1	2	2	1	1	2	2	1	1	1	1	1	1	1	1	1	1	2	2	1	2	2	2	2	2	2	2	2
1019	1	21	2	2	1	2	1	1	2	1	1	1	1	2	1	1	1	1	1	2	1	1	1	1	3	2	1	1	2	2	2	1	2	3	1
1020	1	21	2	2	1	2	1	1	1	1	1	1	1	1	1	1	1	1	1	1	1	1	1	1	3	1	1	2	2	1	2	2	2	1	1
1021	2	21	2	2	1	2	2	1	1	1	2	1	1	1	3	3	1	1	1	3	1	2	1	2	2	1	1	2	2	1	1	1	1	1	1
1022	1	21	2	1	1	2	1	2	2	1	2	2	2	2	2	1	1	1	1	1	1	1	1	1	2	2	1	2	2	2	2	2	2	2	1
1023	2	21	2	1	1	2	1	1	1	2	1	1	1	1	1	1	1	1	1	2	1	1	1	1	2	2	1	1	2	2	2	2	2	1	1
1024	1	21	2	2	2	2	1	2	2	2	1	1	1	2	2	1	1	2	1	1	1	1	2	1	2	2	3	2	2	2	2	2	3	2	2
1025	1	21	2	2	2	2	1	2	3	2	2	2	2	2	2	1	2	3	2	1	3	2	2	2	2	2	2	2	2	2	1	1	2	2	2
1026	1	21	2	2	2	3	2	3	3	2	3	2	3	3	3	2	3	3	2	3	3	2	2	1	3	3	3	1	3	3	3	3	3	3	3
1027	2	21	2	1	1	1	1	1	1	1	1	1	1	1	1	1	2	1	1	1	2	1	1	1	1	1	1	1	2	1	1	1	2	1	1
1028	2	21	2	1	1	2	1	2	2	1	2	1	1	2	1	1	1	1	1	2	1	1	2	1	1	1	1	2	1	1	2	1	2	1	2
1029	2	21	2	2	1	1	3	1	2	2	2	1	1	2	1	1	1	1	2	2	3	3	1	2	3	2	1	1	3	3	3	2	2	1	1
1030	1	21	2	1	2	1	1	2	2	2	1	1	1	2	1	2	1	1	1	1	1	1	2	1	2	2	1	2	2	2	2	2	3	2	1
1031	1	21	2	1	1	1	1	1	3	1	1	2	1	2	2	1	1	1	1	1	2	1	2	1	3	2	1	1	3	2	2	2	3	2	2
1032	1	21	2	1	2	1	1	1	1	1	1	1	1	1	1	1	2	1	1	1	1	1	1	1	3	1	1	1	2	2	2	1	2	1	1
1033	1	21	2	2	1	1	1	2	2	1	1	1	1	1	1	2	1	2	2	2	2	1	2	1	3	2	1	1	3	3	2	2	2	2	2
1034	1	21	2	1	2	2	1	2	1	2	1	2	2	1	2	2	1	1	1	1	3	1	2	1	2	2	1	2	1	2	2	2	2	2	1
1035	2	21	2	1	2	2	1	2	1	2	3	1	1	1	1	2	3	1	1	2	1	1	1	2	2	1	2	3	1	1	2	1	1	1	1
1036	1	21	2	1	1	1	1	1	2	1	1	1	1	2	1	1	1	1	1	1	2	2	1	1	3	2	1	1	3	3	2	1	2	2	1
1037	1	21	2	1	1	2	1	2	1	1	1	1	1	2	1	3	1	1	1	1	2	1	1	1	2	2	1	2	2	2	2	1	2	2	1
1038	1	22	2	2	1	2	2	2	2	1	1	2	1	2	2	1	1	3	1	2	3	1	1	1	2	2	2	2	2	2	2	2	2	2	2
1039	1	22	2	1	1	2	1	1	1	1	1	1	1	1	1	1	1	1	1	1	1	1	1	1	2	1	1	1	1	1	1	1	1	1	1
1040	1	22	2	2	1	1	2	1	2	1	1	1	1	2	2	1	1	2	2	1	3	3	2	1	2	3	1	2	3	3	2	3	3	3	1
1041	2	22	2	1	1	1	1	1	1	1	1	2	1	2	2	1	2	1	1	1	2	1	1	1	1	1	1	1	1	1	2	1	1	1	2
1042	1	22	2	1	1	2	1	2	2	1	2	1	1	1	1	1	2	1	1	1	1	1	1	1	2	2	1	1	2	2	2	2	2	1	1
1043	1	22	2	2	2	2	1	2	2	2	2	1	2	2	2	2	1	2	1	2	2	1	2	1	2	2	1	2	2	2	2	2	2	2	2
1044	1	22	2	1	2	2	1	1	1	1	1	1	1	1	1	1	1	1	1	2	1	1	1	1	2	1	2	2	1	1	2	1	2	2	2
1045	2	22	2	1	1	1	1	1	1	1	1	1	1	1	1	1	1	1	1	2	1	1	1	1	1	1	2	1	1	2	1	1	1	1	1
1046	1	22	2	2	2	2	1	2	1	1	1	1	1	1	2	2	1	1	1	3	1	1	1	1	2	2	1	1	3	3	3	2	3	1	1
1047	1	22	2	2	1	2	1	2	3	1	1	1	1	2	2	1	1	1	2	1	2	2	1	2	2	3	1	2	3	2	2	2	2	2	1
1048	1	22	2	1	2	2	1	2	1	2	1	1	1	2	2	2	1	1	1	2	1	1	2	1	2	1	1	2	3	3	1	2	2	2	1
1049	2	22	2	2	1	1	1	2	1	1	1	1	1	1	2	1	1	2	1	1	1	1	1	1	2	1	1	1	2	2	1	1	1	1	1
1050	2	22	2	2	2	1	1	3	2	2	2	1	1	2	1	3	1	3	1	1	3	1	2	2	2	3	1	3	3	3	2	2	3	1	1
1051	2	22	2	2	2	1	1	1	2	2	2	2	2	1	2	1	3	2	1	1	2	1	1	2	2	1	1	2	2	2	3	1	2	2	2
1052	1	22	2	2	2	1	1	1	2	1	2	1	1	2	1	1	1	1	1	2	2	1	1	1	2	1	1	1	1	2	2	1	1	2	3
1053	2	22	2	1	1	2	1	1	1	1	2	1	1	1	1	1	2	2	1	1	1	1	2	1	1	2	2	2	1	2	3	1	1	1	1
1054	2	22	2	1	1	2	2	1	2	2	2	2	2	1	2	1	3	2	2	2	1	1	1	1	2	1	2	3	1	1	1	2	2	1	3
1055	2	22	2	2	1	2	1	1	2	1	2	1	1	2	1	1	1	1	2	1	2	2	2	1	2	2	1	2	2	2	1	2	2	1	1
1056	1	22	2	1	2	2	1	2	1	2	2	1	1	2	1	2	1	1	1	1	1	1	1	1	2	2	1	1	2	2	2	2	1	1	1
1057	1	22	2	2	1	3	1	2	2	2	1	2	2	3	2	2	1	1	1	2	3	1	2	2	3	3	2	1	2	3	3	3	3	3	2
1058	1	22	2	2	2	1	2	2	3	2	2	1	2	3	3	2	1	2	2	2	3	2	3	2	3	3	1	3	3	3	3	3	3	3	3
1059	2	22	2	1	2	2	1	1	1	2	1	1	1	2	2	1	1	1	1	2	1	1	2	1	2	2	1	2	1	1	2	2	2	1	2
1060	1	22	2	1	2	2	1	2	3	1	1	1	1	2	1	2	1	1	1	1	1	1	1	1	3	2	1	2	3	2	2	2	2	2	1
1061	2	22	2	1	1	1	1	1	1	2	1	1	1	1	1	1	2	1	1	1	3	1	1	2	2	1	1	1	1	1	1	1	2	1	1
1062	2	22	2	2	1	1	2	1	2	1	1	1	1	1	1	1	1	1	1	1	3	3	2	1	2	2	1	1	1	1	1	1	1	1	1
1063	2	22	2	1	1	3	1	1	1	3	1	1	1	1	3	1	1	3	1	3	1	1	1	2	1	1	1	3	1	1	1	1	1	1	1
1064	2	22	2	2	1	2	2	2	2	2	2	1	1	2	2	1	1	1	1	2	1	1	1	1	1	1	2	2	1	2	1	1	2	1	1
1065	1	22	2	3	1	2	1	2	1	2	2	1	1	1	1	1	2	1	1	2	1	1	1	1	2	1	1	2	2	1	2	1	2	1	2
1066	2	22	2	1	1	2	1	1	1	1	1	1	1	1	1	1	1	1	1	1	1	3	1	1	1	1	2	2	1	1	1	1	3	1	1
1067	1	22	2	1	1	2	1	1	1	1	1	1	1	1	1	1	1	1	1	1	1	1	1	1	2	1	1	1	1	1	2	1	1	1	1
1068	1	22	2	3	2	3	1	2	2	2	1	1	2	2	1	1	2	2	1	1	1	1	2	1	2	2	1	2	2	3	2	2	2	2	2
1069	2	22	2	1	2	2	1	1	1	2	1	1	1	1	2	2	1	1	1	1	2	2	1	2	2	2	1	1	2	2	3	1	3	1	1
1070	2	22	2	1	2	1	1	1	1	2	1	1	1	1	1	1	1	1	1	1	1	1	1	1	1	1	1	1	1	1	1	1	1	1	1
1071	2	22	2	1	1	2	1	1	1	2	2	1	2	1	2	2	1	1	1	1	1	1	1	1	1	1	1	2	1	1	1	1	1	1	1
1072	2	22	2	1	1	2	1	1	3	1	1	2	1	1	2	1	1	2	2	1	2	2	1	1	1	3	1	1	2	3	1	2	1	1	2
1073	2	22	2	1	1	1	1	1	1	1	2	2	1	1	2	1	1	1	1	1	2	1	2	1	3	1	1	2	1	2	1	1	2	1	1
1074	2	22	2	1	1	2	1	1	1	1	1	1	1	1	2	1	1	1	1	1	1	1	1	1	2	1	1	2	1	1	1	1	2	1	1
1075	2	22	2	1	1	1	1	1	1	1	1	1	1	2	1	2	1	1	1	2	1	1	1	1	2	1	1	1	1	1	1	1	2	1	2
1076	1	22	2	1	2	2	1	2	1	2	1	1	1	2	1	2	1	1	1	2	1	1	2	1	2	2	1	1	2	1	2	2	2	1	2
1077	2	22	2	2	2	2	2	2	3	2	2	1	1	2	1	1	1	1	2	1	2	2	1	3	2	3	1	3	3	3	3	1	3	1	1
1078	1	22	2	2	2	2	1	2	3	2	2	1	1	1	2	1	1	1	1	2	1	1	2	1	1	2	1	1	1	2	2	1	3	1	1
1079	2	22	2	1	1	2	1	1	2	1	1	1	1	1	1	1	1	1	1	3	2	1	1	2	1	2	1	2	1	2	2	1	2	1	2
1080	2	22	2	1	1	1	1	1	1	1	2	1	2	1	1	1	2	1	1	1	1	1	1	1	2	1	1	2	1	2	1	1	2	1	1
1081	1	11	1	2	1	1	1	1	2	1	1	1	3	2	2	3	1	1	1	1	2	2	1	1	2	2	1	2	1	1	2	2	1	2	1
1082	2	11	1	2	2	1	2	2	1	2	1	1	1	3	3	2	1	3	1	1	3	1	1	2	2	3	1	1	3	1	2	3	2	2	2
1083	1	11	1	1	1	1	1	1	1	1	1	1	1	2	2	3	1	1	1	1	1	1	1	1	2	2	1	1	1	1	1	2	1	1	1
1084	1	11	1	1	1	1	1	1	1	1	1	1	1	1	1	1	1	1	1	1	1	1	1	1	1	1	1	3	2	2	2	1	1	1	1
1085	1	11	1	1	1	1	1	2	1	3	1	1	1	1	1	1	1	1	1	1	1	1	1	1	2	2	1	1	1	1	2	1	1	1	1
1086	1	11	1	1	1	1	1	1	2	1	1	1	1	1	1	1	1	1	1	1	1	1	1	1	1	2	1	1	1	1	2	1	1	2	1
1087	1	11	1	1	1	1	1	1	1	1	1	1	1	1	1	1	1	1	1	1	1	1	1	1	1	1	1	1	1	1	1	1	1	1	1
1088	2	11	1	2	1	3	1	1	1	1	1	1	1	1	1	3	2	1	3	1	1	1	1	1	2	1	1	1	1	1	1	1	1	1	1
1089	1	11	1	1	1	1	1	1	1	1	1	1	1	1	1	1	1	1	1	1	1	1	1	1	1	1	1	1	1	1	2	1	1	1	1
1090	1	11	1	1	1	1	1	1	1	1	1	1	1	1	1	1	2	1	1	1	1	1	1	1	2	2	1	1	2	1	1	1	1	1	1
1091	1	11	1	2	1	1	1	2	2	1	1	1	1	3	2	1	1	2	1	1	1	1	2	1	2	2	1	1	2	1	1	2	2	2	1
1092	1	11	1	2	2	1	1	2	2	2	1	1	1	2	1	1	1	1	2	1	2	1	1	1	2	2	1	1	1	1	1	1	2	1	1
1093	1	11	1	2	1	1	1	2	2	1	1	1	1	3	2	1	1	2	1	1	1	1	2	1	2	2	1	1	2	1	1	2	2	2	1
1094	2	11	1	2	2	1	1	2	2	2	1	1	1	2	1	1	1	1	2	1	2	1	1	1	2	2	1	1	1	1	1	1	2	1	1
1095	2	11	1	2	1	1	2	1	3	1	1	1	1	1	1	1	1	1	1	1	3	1	1	1	2	3	1	1	1	1	3	1	1	2	1
1096	1	11	1	1	2	2	1	1	2	2	2	1	1	2	1	2	1	1	1	1	1	1	1	1	1	2	1	1	1	1	2	1	3	1	1
1097	1	11	1	2	2	1	1	1	2	1	2	1	1	2	1	2	2	1	1	1	2	1	1	1	2	2	1	2	2	1	1	2	1	1	1
1098	1	11	1	2	2	1	1	1	2	1	2	1	1	2	1	2	2	1	1	1	2	1	1	1	2	2	1	2	2	1	1	2	1	1	1
1099	1	11	1	1	1	1	1	1	2	1	2	1	2	1	1	1	1	1	1	1	2	1	1	2	2	2	1	2	2	2	2	2	2	1	2
1100	2	11	1	1	2	1	1	2	2	2	1	2	2	2	2	2	1	2	1	2	1	1	2	2	1	2	1	2	1	1	2	1	3	1	2
1101	2	11	1	1	2	1	1	2	1	1	1	2	2	3	2	1	3	2	1	1	1	1	1	3	2	2	1	2	2	1	2	1	2	2	2
1102	2	11	1	1	2	1	1	2	1	1	1	2	2	3	2	1	3	2	1	1	1	1	1	3	2	2	1	2	2	1	2	1	2	2	2
1103	1	11	1	1	1	1	1	2	1	1	1	1	1	1	1	1	1	1	1	1	1	1	1	1	2	2	1	1	2	1	1	1	2	1	1
1104	2	11	1	2	2	1	1	2	2	2	2	1	1	2	2	1	1	1	2	1	1	1	1	1	2	2	1	1	1	1	1	1	1	1	1
1105	1	11	1	2	2	1	1	2	1	2	1	2	1	2	2	3	1	2	2	1	2	1	2	2	2	2	1	1	2	2	2	2	3	1	1
1106	1	11	1	1	1	1	1	1	1	1	1	1	1	1	1	3	2	1	1	1	1	1	1	1	2	1	1	3	2	1	1	1	1	2	1
1107	2	11	1	2	2	1	1	2	2	1	1	2	1	2	2	2	2	1	2	1	1	2	1	1	2	2	1	2	2	1	1	1	1	1	1
1108	1	11	1	1	1	1	1	1	1	1	1	1	1	1	1	1	1	1	1	1	1	1	1	1	1	1	1	1	1	1	1	1	2	2	1
1109	2	11	1	2	1	1	1	1	2	1	1	1	1	1	1	1	1	1	1	1	1	1	1	1	1	1	1	1	1	1	2	1	1	1	1
1110	1	11	1	1	1	1	1	1	1	1	1	1	1	1	1	1	1	1	1	1	1	1	1	1	2	1	1	1	1	1	1	1	1	1	1
1111	1	11	1	1	1	1	1	1	1	1	2	1	1	2	2	1	2	1	1	1	2	1	2	2	2	3	1	2	2	1	3	2	3	1	1
1112	1	11	1	1	1	1	1	1	1	1	2	1	1	1	1	1	1	1	1	1	1	1	1	1	2	1	1	1	1	1	3	1	1	1	1
1113	2	11	1	2	1	1	1	1	1	1	1	1	1	1	1	1	1	1	1	1	1	2	1	1	1	2	1	1	2	1	1	1	1	1	1
1114	2	11	1	2	1	1	1	1	1	1	1	1	1	1	1	1	1	1	1	1	1	2	1	1	1	2	1	1	2	1	1	1	1	1	1
1115	2	12	1	1	1	1	1	1	1	1	1	2	1	1	2	2	2	1	1	1	1	1	1	2	2	1	1	1	2	2	3	1	2	1	2
1116	1	12	1	3	1	1	2	1	1	2	2	1	2	2	2	1	1	1	1	1	2	2	1	2	3	2	2	3	3	3	3	3	3	1	3
1117	2	12	1	1	1	1	1	1	1	1	2	1	1	1	1	3	1	1	1	1	1	1	1	1	1	1	1	1	1	1	2	1	1	1	1
1118	1	12	1	1	2	1	1	2	1	2	2	1	2	2	2	1	2	2	1	1	1	1	2	1	2	1	1	2	1	2	2	2	2	2	1
1119	2	12	1	1	2	1	1	2	1	2	1	2	2	2	2	1	2	2	1	2	1	1	1	1	2	1	1	1	1	1	2	1	2	1	2
1120	2	12	1	1	2	1	1	2	1	2	1	1	1	1	2	1	1	1	1	1	2	2	1	1	2	2	1	1	2	2	2	1	1	1	1
1121	2	12	1	1	2	1	1	1	2	1	1	2	1	2	2	2	1	2	1	1	1	1	2	2	2	1	1	3	2	2	1	1	3	1	2
1122	2	12	1	1	2	1	2	2	1	2	2	2	1	2	3	1	1	1	2	1	1	2	2	1	1	1	1	2	1	1	1	1	1	1	1
1123	2	12	1	1	2	1	1	1	1	2	2	1	1	1	1	1	1	1	1	1	1	1	1	1	1	1	1	1	1	1	2	1	1	1	1
1124	1	12	1	2	2	1	1	2	1	2	2	1	2	2	3	3	2	2	1	1	3	1	2	2	2	3	1	1	3	3	3	3	3	1	2
1125	2	12	1	1	1	1	1	1	1	1	1	1	1	1	1	1	2	1	1	1	1	1	1	2	2	1	1	1	1	1	2	1	1	1	2
1126	2	12	1	1	1	1	1	1	1	1	2	1	1	1	1	2	1	1	1	1	1	1	1	1	1	2	1	1	2	2	2	1	1	1	1
1127	1	12	1	2	1	1	1	3	1	3	1	2	3	1	2	1	1	1	2	1	3	1	2	2	2	2	2	2	2	2	2	2	2	2	1
1128	2	12	1	1	1	1	1	1	1	1	2	1	1	1	1	2	1	1	1	1	1	1	1	1	1	2	1	1	2	2	2	1	1	1	1
1129	2	12	1	1	1	1	1	1	1	1	1	1	1	1	1	1	2	1	1	1	1	1	1	2	2	1	1	1	1	1	2	1	1	1	2
1130	1	12	1	2	1	1	1	3	1	3	1	2	3	1	2	1	1	1	1	1	3	1	1	1	1	1	1	1	1	2	2	2	2	2	1
1131	1	12	1	2	1	1	1	2	2	2	2	1	1	2	2	1	2	1	2	1	1	2	1	1	2	1	1	2	1	1	1	1	2	1	2
1132	2	12	1	1	2	1	1	1	1	1	1	1	1	2	1	1	1	1	1	1	1	1	1	1	2	1	1	2	1	2	3	1	3	1	1
1133	2	12	1	1	1	1	1	2	1	1	1	2	1	2	1	1	2	1	1	2	1	1	1	1	2	1	1	1	2	2	1	1	2	1	1
1134	2	12	1	1	2	1	1	1	1	2	1	2	1	2	2	1	2	1	1	1	1	1	2	1	2	2	1	1	1	3	3	2	2	1	1
1135	2	12	1	2	1	1	1	1	1	1	1	1	1	2	1	1	1	1	2	1	1	2	1	2	1	1	1	2	1	1	2	2	1	1	1
1136	1	12	1	3	1	1	1	2	3	1	2	1	1	2	2	3	1	1	3	1	2	3	2	1	3	3	1	1	3	3	3	3	3	3	1
1137	2	12	1	1	1	1	1	1	2	1	2	1	2	1	1	1	2	1	1	1	1	1	1	1	1	1	1	2	1	1	2	1	1	1	1
1138	1	12	1	1	1	1	1	1	2	1	1	1	1	1	1	1	1	1	1	1	1	1	1	1	1	1	1	1	1	1	1	1	1	1	1
1139	2	12	1	1	1	1	1	1	2	1	1	1	1	2	1	1	1	1	1	1	1	1	2	1	2	1	1	1	1	2	1	1	2	1	1
1140	2	12	1	1	2	1	1	1	2	1	1	1	1	1	2	2	1	1	2	1	1	2	1	1	2	1	1	2	1	2	2	1	2	1	1
1141	2	12	1	1	2	1	1	1	2	2	2	2	2	1	2	2	1	1	2	2	1	1	1	1	2	1	1	2	2	1	1	1	2	1	2
1142	2	12	1	1	3	1	1	1	1	1	1	1	1	2	1	2	1	1	1	1	1	1	3	1	2	1	3	2	2	2	2	1	2	1	1
1143	2	12	1	1	1	1	1	1	1	1	1	1	1	1	1	1	1	1	1	1	1	1	1	1	2	2	1	2	2	1	2	1	2	1	1
1144	2	12	1	1	1	1	1	1	3	1	2	1	1	1	1	1	1	1	1	2	1	1	1	1	2	2	1	1	1	1	1	1	1	1	1
1145	2	12	1	1	1	1	1	1	3	1	2	1	1	1	1	1	1	1	1	2	1	1	1	1	2	2	1	1	1	1	1	1	1	1	1
1146	2	21	2	2	2	1	1	1	2	1	1	1	1	1	2	1	1	2	1	1	1	1	1	1	2	1	1	3	1	1	2	1	2	1	1
1147	2	21	2	1	1	1	2	1	1	1	2	1	1	1	1	3	1	1	1	1	1	1	1	1	2	1	1	1	1	2	3	1	1	1	1
1148	2	21	2	1	1	1	1	1	1	1	1	1	1	1	1	1	1	1	1	1	1	1	2	1	2	1	1	2	2	1	1	2	2	1	1
1149	2	21	2	1	1	2	1	1	1	1	1	1	2	1	1	3	2	1	2	3	1	1	1	1	2	2	1	2	1	1	1	1	1	1	1
1150	2	21	2	1	2	2	1	2	1	2	2	2	1	2	2	1	2	2	2	2	1	2	1	1	2	1	1	2	2	2	2	1	2	1	2
1151	2	21	2	1	1	2	1	1	2	1	1	2	1	1	1	1	3	1	1	2	2	1	1	1	2	1	1	2	2	2	1	1	2	1	1
1152	1	21	2	1	1	1	1	1	2	1	3	1	1	1	2	3	1	1	1	1	1	2	1	1	2	2	1	3	1	1	1	1	2	1	1
1153	2	21	2	1	2	1	2	3	2	2	1	1	2	2	2	3	2	2	2	2	2	2	1	2	2	2	2	2	2	2	2	2	2	2	2
1154	1	21	2	2	2	2	1	2	2	2	1	1	1	1	1	1	2	1	1	2	1	1	2	2	2	1	2	2	2	2	2	2	3	2	2
1155	2	21	2	3	2	1	2	1	3	2	1	1	1	2	1	1	1	1	2	1	3	2	1	1	3	3	1	1	3	3	3	3	2	1	2
1156	1	21	2	1	2	1	1	2	2	2	1	1	1	2	2	1	2	1	1	1	1	1	1	1	2	2	1	2	3	2	2	2	1	1	1
1157	1	21	2	2	1	2	1	2	2	1	1	1	1	2	2	1	1	1	1	2	2	2	1	1	2	2	1	2	2	2	2	2	2	2	1
1158	1	21	2	2	2	2	1	1	2	2	2	2	1	1	3	2	2	2	1	3	2	1	1	2	3	1	1	2	3	3	3	1	2	1	2
1159	2	21	2	1	1	1	1	1	1	1	1	1	1	2	2	1	1	1	1	1	1	1	1	1	1	1	1	2	1	2	1	2	2	1	1
1160	1	21	2	1	1	1	1	1	1	1	1	1	1	1	1	1	1	1	1	1	1	1	1	1	1	1	1	1	1	1	1	1	1	1	1
1161	1	21	2	2	1	1	1	2	2	2	1	1	2	2	1	1	1	2	2	1	2	1	3	2	3	3	2	1	3	3	3	3	3	3	2
1162	1	21	2	1	1	1	1	1	2	1	1	1	1	1	2	1	2	1	1	1	1	1	1	1	2	2	1	1	1	2	1	1	2	1	1
1163	2	21	2	1	2	2	1	2	2	2	1	1	1	2	2	1	3	2	1	2	1	1	2	1	3	2	2	2	3	2	2	2	3	1	2
1164	1	21	2	2	1	2	1	1	1	2	1	1	1	2	1	1	1	1	1	1	1	1	1	1	2	1	1	1	1	1	1	1	1	2	1
1165	2	21	2	1	2	1	1	2	1	2	2	3	2	3	1	1	2	3	1	1	1	1	2	2	2	1	1	1	2	2	2	2	2	1	2
1166	2	21	2	1	1	2	1	1	1	1	1	1	1	1	1	1	2	1	1	1	1	1	1	1	1	1	1	1	1	1	1	1	1	1	1
1167	1	21	2	1	2	1	2	1	2	2	2	1	1	1	1	1	2	2	1	1	2	1	1	1	1	1	1	2	1	1	2	1	2	1	2
1168	2	21	2	2	1	1	2	1	2	2	2	2	1	1	1	3	1	1	3	1	1	2	1	1	2	1	1	2	2	2	2	1	1	1	1
1169	2	21	2	1	2	2	1	1	1	2	1	2	2	1	1	1	1	1	1	2	1	1	1	1	1	1	1	2	1	1	2	2	2	1	1
1170	2	21	2	2	1	1	1	1	2	1	1	1	2	1	2	2	2	1	1	1	1	1	2	1	2	1	1	1	2	1	2	1	3	1	1
1171	2	21	2	3	3	1	1	2	2	3	2	3	2	1	2	3	1	1	1	2	2	1	1	2	2	2	1	2	2	3	1	1	3	2	2
1172	2	21	2	1	2	3	1	1	1	1	1	1	1	1	2	2	2	1	1	1	1	1	1	1	2	1	1	2	1	1	1	1	2	1	1
1173	2	21	2	2	2	1	1	1	2	2	2	3	2	2	2	1	3	2	1	3	3	1	1	2	2	2	1	2	1	2	1	1	3	1	2
1174	2	21	2	1	1	1	1	1	1	2	1	1	1	1	1	1	1	1	1	1	1	2	1	1	1	1	1	1	1	1	2	1	1	1	1
1175	2	21	2	3	1	1	2	3	1	2	1	1	2	3	2	2	2	3	2	1	2	1	1	3	2	2	1	1	3	3	3	3	2	2	1
1176	2	21	2	1	1	1	1	1	1	2	1	1	2	1	1	3	2	2	1	1	1	1	2	1	2	1	1	1	2	1	1	1	2	1	1
1177	2	21	2	2	2	1	1	1	2	2	1	2	1	2	2	1	2	2	2	2	1	1	1	1	2	2	1	2	3	3	2	1	2	1	2
1178	1	21	2	1	1	1	1	1	1	1	1	1	1	1	1	1	1	1	1	1	1	3	1	1	2	1	1	1	1	1	1	1	2	1	1
1179	2	21	2	1	1	1	1	1	1	1	1	2	1	1	1	1	1	1	1	1	1	1	1	1	1	1	1	2	1	1	1	1	1	1	1
1180	2	21	2	2	3	3	1	3	2	3	1	2	2	3	3	2	3	3	1	3	2	1	3	3	3	3	3	3	3	2	1	3	2	2	3
1181	2	21	2	3	3	2	2	1	2	2	2	1	1	1	1	1	3	1	2	2	1	2	1	2	2	2	1	2	1	1	1	1	1	1	1
1182	2	21	2	1	2	1	1	2	2	2	1	2	1	2	2	2	2	2	1	1	2	1	2	1	2	2	1	3	3	2	2	2	2	1	2
1183	2	21	2	2	2	1	1	2	2	2	2	2	2	2	2	2	2	2	1	3	1	2	2	1	1	1	1	3	1	1	1	1	2	1	1
1184	2	21	2	1	1	1	1	1	2	1	2	3	2	1	1	2	1	1	1	2	1	2	1	1	2	1	1	2	1	1	1	2	2	1	2
1185	2	21	2	1	1	2	1	1	1	3	2	2	1	1	1	1	1	1	1	2	1	1	1	1	1	1	1	2	2	1	1	1	1	1	1
1186	1	21	2	2	2	2	1	2	2	1	1	1	1	2	1	1	2	1	1	1	1	2	2	1	3	3	1	2	2	2	2	2	1	2	1
1187	1	21	2	1	1	1	1	1	1	1	1	1	1	2	1	1	1	1	1	1	2	1	1	1	3	3	1	1	3	1	1	3	2	2	1
1188	2	21	2	1	1	2	1	1	1	1	2	1	1	1	1	2	3	1	1	2	1	1	2	1	2	1	1	2	2	1	2	1	1	1	2
1189	2	21	2	1	1	2	1	1	1	1	2	1	1	1	1	2	2	2	2	2	2	2	2	2	2	2	2	2	2	2	2	2	2	2	2
1190	2	21	2	1	1	1	1	1	1	1	1	1	1	1	1	1	1	1	1	1	1	1	1	1	1	1	1	2	1	1	1	1	1	1	1
1191	2	21	2	1	1	1	1	2	1	1	1	2	2	2	3	3	2	1	2	1	1	1	1	1	2	1	1	1	1	2	1	1	2	1	1
1192	1	21	2	2	2	1	1	2	2	2	1	1	1	2	2	1	2	1	1	1	2	2	1	1	3	2	1	1	3	3	1	2	2	2	1
1193	2	21	2	1	2	1	1	2	1	2	1	2	2	2	2	2	3	1	1	1	1	1	1	1	2	1	1	2	2	1	2	1	2	1	2
1194	2	21	2	1	1	1	1	1	1	1	1	1	1	2	2	2	2	1	1	1	1	1	1	1	2	1	2	1	2	1	2	2	2	1	2
1195	2	21	2	2	2	2	2	2	2	2	2	2	2	2	2	2	2	2	2	2	2	2	2	2	2	2	2	2	2	2	2	2	2	2	2
1196	1	21	2	2	1	2	1	3	2	2	1	1	2	2	2	3	3	2	1	2	1	1	2	1	2	1	1	1	3	1	3	2	2	1	2
1197	1	21	2	1	1	2	1	1	1	1	1	1	2	1	2	2	1	1	1	2	2	2	1	1	2	2	1	1	1	1	2	2	1	1	1
1198	1	21	2	1	2	2	1	1	2	2	1	1	2	2	2	1	2	2	1	2	1	1	2	1	2	1	2	1	1	1	2	2	2	3	2
1199	1	21	2	1	1	2	1	2	1	2	2	1	1	1	1	2	2	2	1	1	1	1	1	1	2	1	2	2	1	1	1	1	3	1	2
1200	2	21	2	1	1	1	1	1	1	1	1	1	1	1	1	1	1	2	1	2	1	1	1	1	2	1	1	1	1	1	1	1	1	1	1
1201	2	21	2	1	2	1	1	3	1	1	1	2	2	2	2	3	2	1	1	2	1	1	1	1	1	1	1	1	1	1	1	1	1	1	1
1202	2	21	2	1	1	2	1	1	2	2	1	1	2	2	1	3	3	2	1	3	2	1	2	2	3	2	3	3	2	2	1	1	2	1	2
1203	2	21	2	1	2	2	1	3	1	3	1	1	1	3	3	2	2	1	1	1	1	1	2	1	3	1	1	1	2	2	1	1	2	1	1
1204	2	21	2	1	2	3	1	2	2	2	2	2	2	2	2	2	2	2	2	2	2	2	2	2	2	2	2	2	2	2	2	2	2	2	2
1205	2	21	2	1	1	1	1	1	1	1	1	1	1	1	1	1	2	1	2	1	1	1	1	1	1	1	1	1	1	2	1	1	2	1	1
1206	2	21	2	1	2	1	1	1	2	1	1	1	2	2	1	1	1	1	1	2	2	2	1	1	2	2	1	1	2	3	3	1	1	2	1
1207	2	21	2	2	2	1	2	1	1	1	1	3	1	3	3	1	3	1	1	1	2	1	2	1	3	3	1	3	3	3	3	3	3	1	1
1208	1	21	2	1	1	1	1	2	2	1	1	1	1	2	2	1	2	1	1	1	2	1	1	1	2	2	1	1	2	3	2	1	2	2	1
1209	1	21	2	1	1	2	1	2	1	1	1	1	1	2	1	1	1	2	1	2	1	1	2	1	1	1	1	1	1	1	2	2	1	1	1
1210	2	21	2	1	1	1	1	3	1	1	2	1	1	1	2	1	2	1	1	1	1	1	1	1	1	1	1	2	1	1	2	1	1	1	1
1211	1	21	2	1	2	2	1	1	2	1	1	1	1	1	1	1	1	1	1	1	2	1	1	1	2	1	1	1	2	1	2	1	2	2	1
1212	1	21	2	2	2	2	1	2	1	2	1	1	2	2	2	1	2	1	1	2	1	1	1	1	2	1	1	1	1	2	2	1	1	1	1
1213	1	21	2	1	2	2	1	1	2	1	1	1	2	2	2	1	3	1	1	2	2	1	1	1	2	2	1	1	2	1	2	2	2	2	1
1214	1	21	2	2	3	2	2	3	3	2	1	1	2	2	1	1	1	1	2	2	2	1	2	2	3	1	1	2	2	3	3	1	3	3	1
1215	1	21	2	1	2	2	1	1	1	1	1	1	1	1	1	1	2	1	1	2	1	1	2	1	2	1	1	2	2	1	1	1	3	1	2
1216	1	21	2	2	1	1	1	2	3	1	1	1	1	2	2	1	1	1	1	1	1	1	2	1	2	2	1	1	2	1	1	1	2	2	2
1217	1	21	2	1	2	2	1	2	1	2	2	1	1	2	2	2	1	1	1	2	1	1	2	1	1	2	2	3	1	2	1	2	2	1	2
1218	2	21	2	1	1	2	2	1	1	1	2	1	1	1	1	1	1	1	2	1	2	3	1	1	1	1	1	1	1	2	2	1	1	1	1
1219	1	22	2	3	1	3	1	1	2	2	1	1	1	2	2	1	1	1	1	2	2	1	2	1	3	2	3	2	2	2	3	2	2	1	2
1220	1	22	2	2	1	2	1	1	1	1	1	1	1	1	1	1	3	2	1	2	1	1	1	1	2	1	2	1	1	2	2	1	1	2	2
1221	2	22	2	1	2	1	1	1	1	2	1	1	1	1	1	1	1	1	1	1	1	1	1	1	1	1	1	1	1	1	2	1	2	1	1
1222	1	22	2	2	3	2	1	2	2	3	1	1	2	2	1	1	1	2	1	1	2	1	2	1	2	2	1	1	2	1	1	1	2	1	2
1223	1	22	2	2	1	2	1	1	1	1	1	1	1	1	2	1	1	1	2	1	2	2	1	1	3	3	1	1	2	2	1	1	2	2	1
1224	1	22	2	2	2	2	2	2	2	2	2	1	1	2	1	2	1	1	1	2	1	1	1	1	2	2	2	1	2	2	2	2	2	1	2
1225	2	22	2	1	1	2	1	2	1	2	1	1	2	2	1	1	1	1	1	2	1	1	1	1	2	2	2	2	2	1	3	2	2	1	1
1226	2	22	2	1	2	2	1	1	1	2	1	1	2	1	2	1	2	1	1	2	1	1	1	1	2	1	1	1	1	2	1	1	2	1	2
1227	1	22	2	1	2	2	1	1	2	2	2	1	2	2	2	1	2	1	1	2	1	1	1	1	2	2	1	1	2	1	1	1	2	2	2
1228	1	22	2	3	1	1	1	1	2	1	1	1	1	2	2	1	1	1	1	1	2	1	2	1	3	2	1	2	2	2	2	2	3	2	1
1229	1	22	2	3	2	2	1	3	3	2	2	2	2	3	2	2	3	2	2	2	3	2	3	2	3	3	2	2	3	3	3	3	3	3	2
1230	1	22	2	1	1	2	1	1	1	1	1	1	1	2	1	1	1	2	1	2	1	1	1	2	3	1	1	1	2	1	3	2	2	1	1
1231	2	22	2	2	1	2	2	1	1	1	2	1	1	1	2	1	1	1	2	2	2	2	1	2	2	1	2	2	2	2	2	1	2	1	2
1232	1	22	2	2	1	3	1	1	2	2	1	1	1	2	2	1	1	1	1	1	1	1	1	1	2	2	1	1	1	2	1	2	2	2	1
1233	2	22	2	3	1	1	2	1	3	1	3	2	1	3	1	1	1	1	1	1	3	2	1	1	3	3	1	3	3	3	3	3	3	2	1
1234	2	22	2	2	2	3	1	2	2	2	2	3	3	2	2	1	1	3	1	3	2	1	2	1	2	1	3	2	2	1	1	2	2	1	2
1235	2	22	2	1	1	3	1	2	1	1	1	1	1	1	1	1	1	1	1	2	1	1	1	1	1	1	1	1	1	1	1	1	1	1	1
1236	2	22	2	1	2	2	1	2	2	1	1	1	1	2	2	1	3	3	1	2	1	1	1	1	2	2	1	1	1	1	2	1	2	1	1
1237	99	11	1	1	1	1	1	1	1	1	1	1	1	1	1	1	2	1	1	1	1	1	1	1	2	1	1	1	2	1	1	1	2	1	1
1238	99	11	1	1	1	1	1	1	1	1	1	1	1	1	1	1	1	1	1	1	1	3	1	1	1	1	1	1	1	1	1	1	1	1	1
1239	2	11	1	1	1	1	1	1	1	3	1	1	1	1	1	1	1	1	1	1	1	1	1	1	1	1	1	1	1	2	2	1	2	1	1
1240	2	11	1	1	1	1	1	2	1	1	1	2	1	2	3	1	2	1	1	1	1	1	2	1	2	2	1	1	1	1	2	2	2	1	1
1241	1	11	1	1	2	1	1	1	1	2	1	1	2	1	1	1	3	1	1	1	1	1	1	1	1	1	1	2	1	1	1	1	1	1	1
1242	1	11	1	1	1	1	1	1	1	1	1	1	1	1	1	3	1	1	1	1	1	1	1	1	1	1	1	1	1	1	1	1	1	1	1
1243	1	11	1	1	1	1	1	1	1	1	1	1	1	2	1	3	1	1	1	1	1	1	1	1	2	1	1	1	1	1	1	1	2	1	1
1244	1	11	1	1	1	1	1	1	1	1	1	1	1	1	1	1	1	1	1	1	1	1	1	1	1	1	1	1	1	1	2	1	1	1	1
1245	2	11	1	2	1	1	1	2	2	1	2	1	1	2	2	1	2	1	2	1	2	1	2	1	2	2	1	1	1	2	1	1	1	1	1
1246	2	11	1	2	2	1	1	3	1	2	2	1	1	1	1	2	1	1	1	1	1	1	1	1	3	1	1	2	2	1	1	2	2	1	1
1247	1	11	1	1	2	1	1	2	2	2	3	2	1	2	1	1	1	3	3	1	1	1	2	2	3	2	1	2	2	1	3	1	2	1	1
1248	1	11	1	2	1	1	1	1	2	1	1	1	1	1	1	1	1	1	1	1	1	1	1	1	2	2	1	1	1	1	2	1	2	2	1
1249	1	11	1	1	1	1	1	1	2	1	1	1	1	2	2	1	1	1	1	1	1	1	1	1	2	2	1	2	1	1	2	2	2	1	1
1250	2	11	1	1	1	1	1	1	2	1	1	1	1	1	1	1	1	1	1	1	1	1	1	1	1	1	1	3	2	1	1	1	1	1	1
1251	1	11	1	1	1	1	1	1	2	1	1	1	1	2	2	1	2	1	1	1	1	1	2	1	2	2	1	1	2	1	2	1	1	1	1
1252	1	11	1	1	1	1	1	3	1	3	2	1	3	2	2	3	1	1	1	1	3	1	1	2	3	2	1	3	2	2	1	1	2	2	1
1253	1	11	1	1	1	1	1	1	1	1	1	1	1	1	3	3	1	1	1	1	1	1	1	1	2	1	1	1	2	1	2	1	2	1	1
1254	1	11	1	3	3	1	2	3	3	2	2	1	3	3	3	1	1	2	3	1	2	3	2	1	3	3	1	1	3	2	3	3	2	3	1
1255	1	11	1	1	1	1	1	1	2	1	1	1	1	1	1	1	1	1	1	1	1	1	1	1	2	1	1	1	1	1	2	1	1	1	1
1256	2	11	1	1	2	1	1	1	1	2	1	1	1	1	1	1	1	1	1	1	1	1	2	1	2	1	1	1	2	2	1	1	1	2	1
1257	2	11	1	2	1	1	1	1	1	1	1	1	1	2	2	3	2	1	1	1	1	1	1	2	2	1	1	1	1	1	2	1	1	1	1
1258	2	11	1	1	1	1	1	1	2	3	3	2	1	2	2	2	1	3	3	1	3	3	2	2	1	1	1	1	1	1	1	1	1	1	1
1259	2	11	1	1	2	1	1	2	1	2	1	1	3	2	2	3	1	1	3	2	1	1	1	1	1	2	1	1	2	2	2	2	2	1	2
1260	1	11	1	2	1	1	1	2	2	1	1	1	1	2	3	1	1	2	1	1	1	1	2	1	3	2	1	1	1	2	2	1	2	3	1
1261	1	11	1	1	1	1	1	1	1	1	1	1	3	2	1	1	1	1	1	1	1	1	2	1	2	1	1	1	1	1	2	1	1	1	1
1262	2	11	1	2	1	1	1	1	2	1	3	1	1	1	1	1	1	1	1	1	1	2	1	1	2	1	1	1	1	1	2	1	1	1	2
1263	2	11	1	1	2	1	1	2	1	2	1	1	1	2	2	3	2	1	1	1	1	1	1	1	2	2	1	1	1	1	1	1	2	1	3
1264	1	11	1	2	1	1	1	2	1	1	2	2	2	1	1	1	2	1	1	1	1	1	1	2	2	2	1	2	2	1	2	2	3	3	2
1265	2	11	1	1	2	1	1	1	1	1	1	1	1	2	1	1	2	1	1	1	1	1	1	1	2	1	1	1	1	1	1	1	1	1	1
1266	2	11	1	1	2	1	1	3	2	1	1	2	1	2	1	1	2	1	1	1	1	1	1	2	2	2	1	1	1	1	1	1	2	1	1
1267	2	11	1	1	1	1	1	1	1	1	1	2	2	1	2	1	1	1	1	2	1	1	1	1	2	1	1	1	2	1	2	1	2	1	2
1268	1	11	1	1	1	1	2	1	1	1	2	1	1	2	1	1	1	1	2	1	1	2	1	1	1	1	1	1	1	1	1	1	1	1	1
1269	1	11	1	2	2	1	1	2	3	2	1	1	1	2	1	2	1	1	1	1	2	1	1	1	3	2	1	1	2	2	2	1	2	1	1
1270	1	11	1	1	1	1	1	1	2	1	1	2	1	1	1	3	1	2	1	1	2	1	1	1	3	2	1	1	2	1	2	1	2	1	1
1271	1	11	1	2	2	1	1	2	2	1	1	1	1	2	2	1	1	1	1	1	3	2	2	2	2	3	1	1	2	2	3	2	1	1	1
1272	1	11	1	1	2	1	1	2	1	2	1	2	1	2	2	2	2	1	1	1	2	1	2	2	2	2	1	2	2	1	1	2	2	1	1
1273	2	11	1	2	2	1	1	1	1	2	1	1	1	1	3	3	3	1	1	1	3	3	1	2	2	2	1	1	1	1	2	1	1	2	1
1274	1	11	1	2	1	1	1	1	1	1	1	1	1	2	2	1	1	1	1	1	2	2	1	1	1	2	1	1	1	1	1	1	1	2	1
1275	2	11	1	1	1	1	1	1	2	2	1	1	1	2	1	1	2	1	1	1	2	1	1	2	1	1	1	1	1	1	1	2	1	1	1
1276	1	11	1	1	2	1	1	2	2	2	2	1	1	1	1	1	1	1	1	1	1	1	1	1	2	1	1	2	1	1	1	2	1	2	1
1277	2	11	1	2	1	1	1	1	2	1	1	1	1	2	2	1	1	1	1	1	1	1	1	1	1	2	1	1	1	2	1	1	2	1	2
1278	2	12	1	1	2	1	1	1	1	2	1	1	1	1	1	1	1	1	1	1	1	1	1	1	2	1	1	2	1	1	1	1	1	1	1
1279	2	12	1	1	2	1	1	1	2	1	1	1	1	2	1	1	2	1	1	1	1	1	1	1	1	1	1	2	1	1	1	1	2	1	1
1280	2	12	1	1	1	1	1	1	1	1	2	1	1	1	1	3	1	1	1	1	1	1	1	1	1	1	1	1	1	1	1	1	1	1	1
1281	2	12	1	1	1	1	1	1	1	1	1	1	1	1	1	1	1	1	1	2	1	1	1	1	2	1	1	3	1	1	1	1	1	1	1
1282	2	12	1	2	1	1	2	2	1	2	1	1	2	2	2	1	2	1	1	2	1	1	1	1	2	1	1	1	2	2	1	2	2	1	2
1283	2	12	1	2	2	1	1	1	1	2	2	1	1	1	1	1	1	3	1	1	1	1	1	1	2	1	1	1	2	1	2	1	2	1	1
1284	2	12	1	2	2	1	1	1	2	1	1	1	2	1	2	1	2	1	1	1	1	1	1	1	2	2	1	3	1	2	1	1	2	2	2
1285	1	12	1	1	1	1	1	1	2	1	1	1	1	2	2	1	1	1	1	1	2	2	1	1	2	2	1	1	2	2	2	1	1	2	1
1286	2	12	1	1	1	1	1	1	1	1	1	1	1	1	1	1	1	1	1	1	1	1	1	2	2	1	1	1	1	1	1	1	1	1	2
1287	2	12	1	2	2	1	1	2	2	2	1	2	1	2	2	2	1	2	1	1	3	1	2	2	2	2	1	1	1	3	2	2	2	1	1
1288	2	12	1	1	1	1	1	1	1	1	2	1	1	1	1	1	2	1	1	1	1	1	1	1	2	1	1	1	1	1	1	1	1	1	1
1289	1	12	1	1	1	1	1	1	1	1	1	1	1	1	2	1	1	1	1	1	3	1	2	1	2	1	1	1	2	1	1	1	1	2	1
1290	1	12	1	2	2	1	1	2	2	2	1	2	2	2	2	2	1	1	1	1	2	1	2	2	3	2	1	1	3	2	3	2	3	1	1
1291	1	12	1	2	1	1	1	2	2	1	1	2	1	1	1	1	1	1	2	1	2	1	2	1	2	2	1	2	3	1	2	2	2	2	1
1292	1	12	1	1	1	1	1	1	1	1	1	1	1	1	1	1	1	1	1	1	1	1	1	1	2	1	1	2	1	2	1	1	2	1	1
1293	1	12	1	2	1	1	1	1	2	1	1	1	1	1	1	1	2	1	1	1	1	1	1	1	2	1	1	2	1	1	2	1	2	1	1
1294	1	12	1	1	1	1	1	1	2	1	2	1	1	2	2	1	1	1	1	1	1	1	2	1	2	2	1	1	1	1	1	2	2	2	1
1295	1	12	1	1	2	1	1	1	2	1	2	1	1	2	2	1	1	1	1	1	1	1	1	1	2	2	1	1	2	1	1	1	1	1	1
1296	1	12	1	1	1	1	1	1	1	2	1	1	1	1	1	1	1	1	1	1	3	1	1	1	1	1	1	1	1	2	1	2	2	1	1
1297	1	12	1	1	1	1	1	1	2	1	1	1	1	1	1	1	2	1	1	1	2	1	1	1	2	2	1	1	2	2	1	2	2	1	1
1298	1	12	1	2	2	1	2	2	3	1	1	1	1	2	3	2	1	2	3	2	1	2	3	1	3	2	1	1	3	3	2	2	2	3	1
1299	2	12	1	1	2	1	1	2	1	1	1	2	2	2	2	1	1	1	1	1	1	1	1	2	2	1	1	1	1	2	2	2	3	1	1
1300	1	12	1	2	1	1	1	1	1	1	2	1	2	1	1	1	2	1	1	1	1	1	1	1	2	2	1	1	2	1	2	2	2	1	1
1301	1	12	1	2	3	1	2	2	3	1	1	1	3	1	3	1	1	2	1	1	3	2	2	1	3	3	1	1	3	2	1	2	2	3	1
1302	1	12	1	2	2	1	2	2	3	2	2	1	1	2	2	3	1	1	2	1	1	2	1	1	2	2	1	1	2	3	2	2	2	2	1
1303	2	12	1	3	1	1	1	1	1	2	2	1	2	2	1	3	3	1	1	1	3	3	2	1	2	2	1	2	3	1	2	2	2	1	2
1304	1	12	1	1	1	1	1	1	2	1	1	1	1	1	1	1	1	1	1	1	1	1	1	1	2	1	1	1	1	1	1	1	1	1	1
1305	2	12	1	1	1	1	1	2	2	1	1	1	1	2	2	2	2	1	1	2	1	1	2	1	2	1	1	1	2	2	3	1	2	2	1
1306	2	12	1	1	1	1	1	1	1	1	1	1	1	1	1	1	1	1	1	1	1	1	1	1	1	1	1	1	1	1	1	1	1	1	1
1307	2	12	1	1	1	1	1	1	1	1	1	2	1	1	1	1	1	1	1	1	1	1	1	1	1	1	1	1	1	1	1	1	1	1	2
1308	1	12	1	1	2	1	1	2	3	2	2	1	2	2	1	2	1	2	1	2	3	2	1	1	2	2	1	2	2	3	3	2	2	2	2
1309	1	12	1	2	3	1	2	2	3	2	2	1	1	2	2	1	1	1	1	1	2	1	3	1	2	2	1	3	2	2	3	2	2	3	1
1310	2	12	1	1	2	1	1	1	1	2	2	1	1	2	1	1	1	1	1	2	1	1	1	2	2	1	1	2	1	1	1	1	2	2	2
1311	2	12	1	1	2	1	1	1	2	2	2	1	1	2	1	2	2	1	2	1	1	2	2	2	1	2	1	2	2	1	2	2	3	3	3
1312	1	12	1	1	2	1	1	2	1	2	1	1	1	2	1	1	1	1	1	1	1	1	2	1	2	1	1	1	1	1	1	2	1	1	1
1313	1	12	1	1	1	1	1	1	1	1	1	1	1	1	1	1	1	1	1	1	1	1	1	1	1	2	1	1	2	2	1	1	1	1	1
1314	2	12	1	2	1	1	1	2	2	2	1	1	1	2	2	1	1	1	1	1	2	1	3	1	2	2	1	1	2	2	2	2	2	1	1
1315	2	12	1	1	1	1	1	1	1	1	1	1	1	1	1	1	2	1	1	1	1	1	1	1	2	1	1	1	1	1	2	1	1	1	1
1316	1	12	1	2	2	1	1	1	1	2	1	2	1	1	1	2	2	2	3	1	2	3	1	2	2	2	2	3	1	1	2	2	1	2	2
1317	1	12	1	1	1	1	1	2	3	1	1	1	1	1	1	1	1	1	2	1	2	1	2	1	3	2	1	1	3	3	1	2	2	2	1
1318	2	12	1	1	1	1	1	1	1	1	1	1	1	1	1	1	1	1	1	1	1	1	1	1	1	1	1	1	1	1	2	1	2	1	1
1319	2	12	1	2	3	1	1	1	1	3	1	2	2	1	1	2	1	1	1	1	1	1	1	2	1	1	1	2	1	3	2	1	3	1	2
1320	1	12	1	1	1	1	1	1	1	1	1	1	1	1	1	1	1	1	1	1	1	1	1	1	1	1	1	1	1	1	1	1	1	1	1
1321	99	11	1	1	2	1	2	2	2	2	1	1	1	1	2	1	1	1	1	1	1	2	1	2	1	1	1	1	2	2	2	1	2	1	1
1322	2	11	1	1	2	1	1	1	1	2	1	1	1	2	1	3	1	1	1	1	2	1	1	1	2	2	1	3	2	3	2	1	2	1	1
1323	1	11	1	1	1	1	1	1	1	2	1	3	1	1	2	1	1	2	1	1	1	1	1	1	3	2	1	1	2	1	3	2	2	1	1
1324	1	11	1	1	1	1	1	1	1	1	1	1	1	1	1	1	1	1	1	1	1	1	1	1	3	1	1	1	2	1	2	1	1	1	1
1325	2	11	1	1	1	1	1	2	1	1	1	2	1	2	2	1	2	1	1	1	1	1	1	2	1	2	1	2	1	1	2	1	3	1	1
1326	1	11	1	1	2	1	1	2	1	2	1	1	2	2	2	1	1	1	1	1	1	1	1	1	1	2	1	1	2	1	1	1	2	1	1
1327	2	11	1	3	1	1	1	1	3	1	1	1	1	3	1	3	1	1	1	1	1	3	2	1	2	1	1	1	2	3	2	1	1	1	1
1328	2	11	1	1	2	1	1	3	3	2	1	1	1	3	3	1	3	3	1	1	2	1	3	1	3	2	1	2	3	3	2	2	2	2	2
1329	1	11	1	1	1	1	1	1	1	2	2	1	1	2	2	1	1	1	1	1	2	1	2	1	2	2	1	1	1	1	1	2	2	1	1
1330	1	11	1	2	3	1	1	3	2	3	2	2	2	3	2	2	1	1	1	1	1	1	2	1	1	2	1	1	2	2	2	3	2	1	1
1331	1	11	1	1	1	1	1	1	2	1	2	1	1	2	1	1	2	1	1	2	2	1	2	1	2	1	1	1	2	1	1	1	2	1	1
1332	1	11	1	1	1	1	1	1	1	1	1	1	1	1	1	1	2	1	1	1	1	1	1	1	2	1	1	1	1	1	2	1	1	1	1
1333	2	11	1	1	1	1	1	1	1	1	3	1	1	2	1	1	2	2	3	1	1	1	1	1	2	2	1	1	1	1	2	2	1	1	1
1334	1	11	1	1	1	1	1	2	1	1	1	1	1	3	1	1	1	1	1	1	1	3	1	1	2	1	1	1	1	1	1	1	1	1	1
1335	1	11	1	2	1	1	2	1	1	2	1	2	2	1	2	2	3	1	2	2	2	2	1	2	3	3	1	2	2	1	2	1	3	2	2
1336	2	11	1	1	1	1	1	2	1	1	1	2	2	2	2	3	1	1	1	1	1	1	2	1	2	2	1	1	2	1	2	2	1	1	1
1337	1	11	1	1	2	1	1	1	2	1	1	1	1	2	1	1	1	1	2	1	1	1	1	1	1	2	1	1	2	3	3	2	3	2	1
1338	2	11	1	1	2	1	1	1	1	1	1	1	1	2	1	1	1	1	1	2	1	1	2	1	2	2	1	1	2	1	1	1	2	1	1
1339	2	11	1	1	1	1	1	2	1	1	1	1	1	2	1	3	1	1	1	1	1	1	1	1	1	1	1	1	1	1	2	1	1	1	2
1340	2	11	1	2	3	1	1	3	2	3	1	2	1	2	3	3	3	2	1	3	2	1	3	3	2	2	1	2	2	1	3	2	2	1	2
1341	1	11	1	2	1	1	1	2	2	1	1	1	1	2	2	1	1	2	1	1	2	1	2	1	2	3	1	1	3	3	3	3	2	3	1
1342	2	11	1	3	2	1	1	2	1	1	3	2	2	2	2	1	1	1	2	1	1	1	1	3	3	1	1	2	3	2	2	1	3	1	1
1343	1	11	1	2	1	1	1	1	3	1	2	1	1	2	1	2	1	1	3	3	2	1	1	1	2	1	1	2	2	1	1	1	1	1	1
1344	2	11	1	3	2	2	2	1	3	3	1	1	1	3	3	2	3	2	2	2	1	2	2	3	2	2	1	2	1	3	3	1	3	2	2
1345	2	11	1	1	1	1	1	2	1	1	2	2	2	2	2	2	2	2	1	2	1	1	2	2	2	1	2	1	2	2	1	2	1	1	2
1346	2	11	1	1	1	1	1	1	1	1	1	1	2	1	1	1	1	1	1	1	1	1	1	1	1	1	1	2	1	1	1	1	1	1	1
1347	1	11	1	2	1	1	1	1	2	1	1	1	1	2	2	1	1	1	1	1	1	1	1	1	2	2	1	1	1	1	2	1	2	2	1
1348	2	11	1	2	2	1	1	2	1	2	2	1	1	2	2	2	3	1	1	2	2	1	2	2	2	2	1	1	2	3	3	2	3	1	2
1349	1	11	1	2	2	1	2	2	2	2	2	1	1	3	3	1	1	3	2	1	2	2	2	3	3	2	1	3	3	3	3	3	3	3	1
1350	2	11	1	2	2	1	2	2	2	2	1	2	1	2	2	2	1	2	2	1	2	2	2	2	2	2	1	1	1	1	2	1	2	1	1
1351	2	11	1	1	3	1	1	2	2	3	1	1	1	2	2	2	1	1	2	3	2	1	2	2	2	2	1	1	2	1	2	2	1	1	2
1352	1	11	1	2	2	1	2	2	2	2	2	2	2	2	2	2	2	2	2	1	3	2	2	1	2	2	1	1	2	2	3	2	2	2	1
1353	1	11	1	2	1	1	1	3	1	1	1	1	1	1	1	1	1	1	1	1	1	1	1	1	2	1	1	1	1	1	1	1	1	1	1
1354	1	11	1	1	1	1	1	1	2	1	1	1	1	2	1	1	1	1	1	1	2	1	1	1	2	2	1	1	2	2	2	2	2	2	1
1355	1	11	1	1	1	1	1	2	1	1	2	1	1	2	1	1	1	1	1	1	1	1	1	1	1	1	1	3	2	2	2	2	2	1	1
1356	1	11	1	1	2	1	1	1	1	1	1	1	1	1	1	3	1	1	1	1	1	1	1	1	2	2	1	1	1	1	2	1	1	2	1
1357	1	11	1	1	1	1	1	1	2	1	2	1	1	1	2	1	1	2	1	1	2	1	2	1	2	2	1	1	2	1	1	2	2	2	1
1358	2	11	1	2	1	1	1	2	2	1	2	1	1	1	1	1	1	1	1	1	1	1	1	1	2	1	1	1	1	3	1	1	1	1	1
1359	2	11	1	2	2	1	1	2	2	2	1	2	2	2	2	3	2	2	1	2	2	1	2	2	2	3	3	3	2	3	2	3	2	3	2
1360	2	11	1	2	1	1	1	2	2	1	2	2	2	2	1	2	1	2	2	1	2	1	2	2	3	2	1	2	2	2	2	2	2	1	1
1361	1	11	1	1	1	1	1	1	2	3	3	1	1	2	1	1	1	1	1	1	1	1	1	1	2	1	2	1	1	2	1	1	1	2	1
1362	1	11	1	2	2	1	1	1	2	2	1	2	1	2	2	1	3	2	1	1	2	1	2	1	2	2	1	2	2	1	1	2	2	2	1
1363	2	11	1	1	1	1	1	2	1	1	2	1	1	2	1	1	2	1	1	1	1	1	1	1	1	1	1	2	1	1	2	1	1	1	1
1365	2	12	1	2	2	3	1	3	1	2	2	1	2	2	1	1	2	2	1	3	1	1	2	1	2	2	1	2	2	2	2	2	2	1	3
1366	1	12	1	2	3	1	1	3	1	2	1	2	2	3	1	2	3	3	1	1	1	1	3	1	3	2	2	3	1	1	3	2	3	2	2
1367	1	12	1	2	2	1	1	3	3	2	1	3	1	1	1	1	2	2	1	1	2	3	1	1	2	3	1	1	2	1	2	1	2	1	1
1368	2	12	1	2	2	1	1	2	2	2	2	1	1	1	3	1	2	1	2	2	1	1	1	1	1	1	1	2	1	1	2	2	3	1	2
1369	2	12	1	1	2	1	1	1	1	2	1	1	1	1	1	2	1	1	1	1	1	1	1	1	2	1	1	1	2	2	1	1	2	1	1
1370	1	12	1	1	1	1	1	1	1	1	1	1	2	1	1	2	2	1	1	1	1	1	1	2	2	2	1	2	1	1	2	2	2	1	2
1371	2	12	1	1	2	1	1	2	1	2	1	1	1	2	1	1	2	1	1	1	1	1	2	1	2	1	1	1	1	1	1	1	2	1	1
1372	2	12	1	1	1	1	1	1	1	1	1	1	1	1	1	1	2	1	1	1	1	1	1	1	1	1	1	1	1	1	1	1	1	1	1
1373	1	12	1	1	2	1	1	2	1	2	1	1	1	1	2	1	1	1	1	1	1	1	1	1	2	2	1	1	2	1	2	2	2	2	1
1374	2	12	1	1	2	1	1	1	2	2	1	2	1	2	1	1	1	1	1	1	1	1	2	1	2	1	1	1	1	1	1	2	2	1	2
1375	1	12	1	1	2	1	1	1	1	2	1	1	1	1	1	1	2	1	3	1	1	1	1	1	2	1	1	1	2	1	1	1	1	1	2
1376	2	12	1	1	1	1	1	1	1	1	1	1	1	2	1	3	1	1	1	1	1	2	1	1	3	1	1	3	3	1	1	2	2	1	2
1377	1	12	1	2	1	1	1	2	2	1	2	2	1	2	1	1	1	1	2	1	2	2	1	2	2	2	1	1	2	3	2	2	2	2	1
1378	2	12	1	1	2	1	1	2	1	1	1	2	1	2	1	1	1	1	1	1	1	1	1	1	1	1	1	1	1	1	1	2	1	1	2
1379	2	12	1	1	2	1	1	2	2	1	1	2	1	2	2	1	1	1	1	1	2	1	2	1	3	2	1	1	3	2	2	2	2	2	1
1380	2	12	1	1	2	1	1	1	1	1	2	1	1	2	1	1	1	3	3	1	3	3	1	1	1	1	1	1	1	1	1	1	1	1	1
1381	2	12	1	1	1	1	1	3	1	1	1	1	1	2	1	1	1	2	3	1	1	1	1	1	1	1	1	1	2	3	1	1	2	1	1
1382	2	12	1	1	1	1	1	1	1	1	1	1	1	1	1	2	2	1	1	1	1	1	1	1	2	1	1	1	1	1	2	1	1	1	1
1383	1	12	1	1	2	1	1	2	1	2	2	1	1	1	2	2	2	1	1	2	1	1	2	1	2	2	1	2	2	1	2	2	1	1	1
1384	1	12	1	2	3	2	2	2	2	3	2	2	2	2	2	3	2	1	1	2	1	1	1	1	3	2	1	3	1	2	2	1	2	2	2
1385	2	12	1	1	2	1	1	2	1	2	1	1	1	2	2	1	1	1	1	1	1	1	1	1	1	2	1	1	2	1	1	2	2	2	1
1386	2	12	1	1	1	1	1	1	1	1	1	1	1	1	1	3	1	1	1	1	1	1	1	1	2	1	1	1	1	1	1	1	1	1	1
1387	2	12	1	1	1	1	1	1	1	1	1	2	3	1	2	2	1	1	1	1	1	1	1	1	1	1	1	1	1	1	1	1	1	1	1
1388	2	12	1	2	2	2	1	2	1	2	1	2	1	1	2	1	1	2	2	3	2	2	1	1	1	2	2	2	1	2	3	2	1	2	3
1389	2	12	1	1	1	1	1	2	1	1	1	1	1	1	1	1	1	1	1	3	1	1	1	1	2	1	1	1	1	1	1	1	2	1	1
1390	1	12	1	1	2	2	1	2	2	2	1	2	1	2	2	2	2	1	1	1	1	1	2	1	2	2	1	1	2	1	2	2	2	1	2
1391	1	12	1	1	1	1	1	2	1	1	1	1	2	1	3	1	1	1	1	1	1	1	1	1	2	2	1	1	2	2	2	2	1	2	1
1392	1	12	1	2	2	2	1	2	1	2	1	1	1	2	1	1	1	1	1	2	1	1	2	1	2	1	1	1	3	2	2	2	1	2	2
1393	2	12	1	2	2	1	2	2	3	2	2	1	1	2	2	1	2	2	2	1	1	2	1	1	3	3	1	2	3	3	3	3	3	1	1
1394	1	12	1	1	1	1	1	1	2	2	1	1	1	1	1	1	1	1	2	1	1	1	2	1	2	1	1	1	2	1	3	1	1	2	1
1395	1	12	1	1	1	1	1	1	2	1	1	1	1	2	1	1	1	1	1	1	1	1	1	1	2	1	1	1	2	2	1	1	1	1	1
1396	2	12	1	3	2	2	2	2	2	2	3	3	3	2	1	1	1	1	3	1	1	2	3	3	3	2	2	2	2	1	1	1	2	2	3
1397	1	12	1	2	2	1	2	1	2	2	1	1	1	2	1	1	2	1	3	1	3	3	1	1	2	2	1	1	3	3	3	2	3	3	2
1398	1	12	1	2	2	1	1	2	1	2	1	1	1	2	1	1	1	1	2	1	1	1	2	1	2	2	1	1	1	2	2	2	1	1	1
1399	1	12	1	2	3	1	2	2	2	2	1	1	1	2	2	1	1	1	2	1	3	3	3	1	2	2	1	1	2	2	2	3	2	3	1
1400	2	12	1	2	2	1	2	1	1	3	2	3	2	2	2	2	3	2	2	2	2	2	2	2	2	2	1	2	2	1	3	2	3	1	2
1401	1	12	1	2	2	1	1	2	2	2	1	3	1	2	2	1	1	2	2	1	3	2	2	1	2	2	1	1	3	3	1	2	2	1	1
1402	1	12	1	1	1	1	1	1	1	1	1	1	1	1	1	1	2	1	1	2	1	1	1	1	1	1	1	1	1	1	2	2	1	2	1
1403	2	12	1	1	1	1	1	1	1	1	1	1	1	1	1	1	1	1	1	1	1	3	1	1	1	1	1	1	1	1	1	1	2	1	1
1404	2	12	1	1	1	1	1	3	1	1	1	1	1	1	1	2	1	1	1	1	1	1	1	1	2	1	1	1	2	1	2	1	2	1	1
1405	1	12	1	1	1	1	1	1	2	2	1	1	1	1	1	1	1	1	1	1	2	1	1	1	2	1	1	1	1	1	1	2	1	1	2
1406	2	12	1	2	2	1	1	2	2	2	2	2	2	2	2	2	2	2	2	2	1	2	2	1	1	1	1	2	1	1	1	1	1	1	1
1407	1	12	1	1	1	1	1	1	1	1	1	1	1	1	1	1	1	1	1	1	1	1	1	1	2	2	1	1	1	1	1	1	1	1	1
1408	99	21	2	2	2	1	1	3	2	2	1	1	1	1	1	1	1	2	2	1	3	2	2	1	3	3	1	1	3	3	3	2	3	2	1
1409	99	21	2	1	1	3	1	1	1	1	1	1	1	1	1	1	3	1	1	3	1	2	1	1	1	1	1	1	2	1	1	1	1	1	3
1410	1	21	2	1	1	1	1	1	1	1	1	2	1	1	1	1	2	1	1	1	1	1	1	1	2	1	1	2	1	1	2	1	3	1	1
1411	1	21	2	1	1	2	1	1	2	1	2	1	1	2	2	1	1	1	1	2	2	1	1	1	2	2	1	2	1	2	2	2	2	1	2
1412	2	21	2	1	1	1	1	1	1	1	1	2	1	2	2	1	1	2	1	1	1	1	1	1	1	1	1	1	1	1	1	1	1	1	1
1413	1	21	2	2	1	1	1	2	2	1	1	1	1	1	1	1	1	1	1	1	1	1	1	1	2	2	1	1	2	1	1	2	1	2	1
1414	1	21	2	1	2	2	1	1	2	2	1	1	1	1	1	1	2	1	1	2	1	1	1	1	2	1	1	1	1	1	1	1	2	1	1
1415	1	21	2	3	3	2	2	2	3	2	1	1	2	2	1	2	3	1	2	3	3	2	2	1	2	2	2	2	3	3	2	2	3	3	2
1416	1	21	2	1	1	2	1	1	1	2	1	1	1	1	1	1	3	1	1	2	1	1	1	1	2	1	1	1	1	1	1	1	1	1	2
1417	2	21	2	1	1	1	1	1	1	1	1	1	1	1	1	1	2	1	1	1	1	1	1	1	1	1	1	2	2	2	2	2	1	1	1
1418	1	21	2	1	1	1	1	1	3	1	1	1	1	1	1	1	1	1	2	1	1	1	1	1	1	1	1	1	1	1	1	1	1	1	1
1419	1	21	2	1	1	1	1	1	1	1	2	1	1	1	1	1	1	1	1	1	1	2	1	1	1	1	1	1	1	1	3	1	1	1	1
1420	1	21	2	1	2	1	1	1	1	2	2	1	2	1	1	1	2	1	1	1	1	1	1	1	1	2	1	2	2	1	3	1	2	2	2
1421	2	21	2	3	2	2	1	2	3	2	1	1	1	2	2	1	2	2	3	1	3	1	2	1	3	3	1	1	3	3	3	2	3	3	2
1422	99	22	2	2	1	2	2	2	3	2	2	1	1	2	2	2	1	1	2	2	1	2	1	2	1	2	1	2	2	2	1	1	3	2	2
1423	1	22	2	2	1	3	1	2	2	1	1	1	1	2	2	1	1	1	1	2	2	1	3	1	3	3	1	1	3	2	3	3	3	3	1
1424	1	22	2	2	2	2	1	1	2	2	1	1	1	2	2	1	1	1	1	1	2	1	1	1	2	2	1	2	2	2	1	2	2	2	1
1425	1	22	2	2	1	2	1	1	3	1	1	1	1	2	2	1	1	1	1	1	2	1	2	1	3	2	1	2	3	3	2	2	2	2	1
1426	1	22	2	2	2	2	1	1	2	2	1	1	1	3	1	1	1	1	2	1	2	1	2	1	3	3	1	1	3	3	3	3	3	3	1
1427	2	22	2	1	1	2	1	1	1	1	1	2	1	1	1	1	1	2	1	1	1	1	1	1	1	1	1	1	1	1	1	1	1	1	1
1428	2	22	2	1	2	3	1	1	1	1	1	1	2	2	2	2	1	1	1	3	1	1	2	2	1	2	2	2	1	2	1	2	3	1	2
1429	2	22	2	1	2	1	2	2	1	2	1	1	1	2	1	1	1	1	2	1	1	2	2	1	1	1	1	1	1	2	1	1	1	1	1
1430	1	22	2	2	2	2	1	1	2	2	1	1	1	2	2	2	3	1	2	1	3	2	1	2	3	3	3	2	3	2	2	2	2	3	2
1431	2	22	2	1	1	1	1	1	1	1	1	2	2	1	2	1	2	1	2	1	1	1	2	1	2	1	1	1	2	2	1	1	2	1	1
1432	1	22	2	1	1	1	1	1	2	2	1	1	1	1	1	1	1	1	1	1	1	1	1	1	2	2	1	1	1	1	1	1	1	1	1
1433	1	22	2	1	1	2	1	1	2	1	2	1	1	1	1	1	1	1	1	2	2	1	1	1	2	2	1	1	2	2	2	2	2	1	1
1434	1	22	2	1	1	2	1	1	1	1	1	1	1	1	1	1	1	1	1	1	1	2	1	1	2	1	1	1	1	1	1	1	2	1	1
1435	1	22	2	2	1	2	1	1	2	1	1	1	1	1	1	1	1	1	1	2	2	1	2	1	2	2	1	1	2	2	1	2	2	1	2
1436	2	22	2	1	2	2	1	3	1	2	1	1	1	2	2	1	1	1	1	2	1	1	2	1	1	1	1	1	1	1	1	1	1	1	1
1437	2	22	2	2	1	2	1	1	1	1	1	1	1	1	1	1	1	1	3	1	1	1	1	1	2	1	2	2	1	2	1	1	2	1	1
1438	1	22	2	1	1	2	1	1	1	1	1	1	1	1	1	1	3	1	1	1	1	1	1	1	1	1	1	1	1	1	1	2	2	1	1
1439	2	22	2	1	2	3	1	2	1	3	2	1	3	2	1	2	1	2	1	3	1	1	1	1	1	1	3	3	1	1	3	1	3	1	3
1440	1	22	2	1	1	2	1	1	2	1	1	1	1	2	1	1	1	1	1	1	2	1	1	1	2	2	1	1	1	1	1	1	1	2	1
1441	2	22	2	2	2	2	1	1	1	2	1	1	1	1	1	1	2	1	1	1	1	1	1	1	2	1	1	1	2	1	2	1	2	2	1
1442	1	22	2	2	1	2	1	1	2	1	1	1	1	1	1	1	1	1	1	1	1	1	2	1	1	2	1	2	2	2	1	2	1	2	1
1443	2	22	2	1	2	2	1	2	3	2	2	1	1	1	2	3	2	1	1	2	1	1	2	1	2	1	1	1	2	1	1	1	1	1	1
1444	1	22	2	1	2	1	1	2	1	2	1	1	1	1	2	1	1	2	1	1	2	1	2	2	2	2	1	1	2	1	1	2	1	2	2
1445	1	22	2	2	2	2	1	3	2	2	1	1	1	2	1	1	1	1	1	1	2	2	2	1	2	2	1	2	3	2	2	2	2	2	2
1446	1	22	2	2	2	2	1	2	1	2	1	1	1	2	2	1	3	1	1	1	2	1	1	1	2	2	3	2	2	2	3	2	2	1	2
1447	1	22	2	2	1	2	1	1	2	1	1	1	1	2	1	1	2	1	1	1	1	2	1	1	2	2	3	3	2	1	3	1	3	2	1
1448	1	22	2	1	1	2	1	1	1	3	2	1	1	1	1	1	1	1	1	1	1	1	1	1	1	1	2	2	1	1	1	1	2	1	1
1449	2	22	2	1	2	3	1	1	1	2	2	2	1	1	1	1	1	1	1	2	1	1	1	1	2	1	1	1	1	1	1	1	1	1	1
1450	2	22	2	2	1	2	1	1	1	1	2	1	1	1	2	1	1	1	3	1	1	1	1	1	1	1	1	1	1	1	1	1	1	1	1
1451	1	22	2	1	1	2	1	1	2	1	1	1	1	2	1	1	1	1	1	1	1	1	2	1	2	1	1	2	2	1	1	1	1	1	1
1452	1	22	2	1	2	1	1	2	2	2	2	1	1	2	1	2	1	1	1	1	2	1	1	1	2	2	1	1	2	2	3	2	2	2	1
1453	1	22	2	1	1	2	1	1	1	1	1	1	1	1	2	1	1	1	1	2	1	1	1	1	1	1	3	1	3	2	2	2	1	1	2
1454	2	22	2	3	1	1	2	1	3	1	1	1	1	2	2	1	1	1	2	1	3	2	2	2	3	3	1	2	3	3	2	2	2	2	2
1455	1	22	2	2	2	3	1	2	2	2	2	1	1	2	2	2	1	1	1	3	1	1	2	1	2	2	3	2	2	2	3	2	2	2	2
1456	2	22	2	1	1	2	1	2	1	1	1	2	1	2	2	1	1	1	1	1	1	1	2	1	2	1	1	1	2	2	2	2	2	1	1
1457	1	22	2	3	2	2	3	3	1	1	2	1	1	3	1	1	1	2	3	2	3	3	3	2	3	3	1	1	3	1	3	3	3	3	2
1458	1	22	2	1	1	1	1	1	1	1	1	1	1	1	1	1	1	1	1	1	1	2	1	1	2	1	1	1	1	1	2	1	2	1	1
1459	2	22	2	3	1	2	1	3	2	2	1	1	2	3	3	3	3	3	1	2	3	1	3	3	3	3	2	2	2	3	3	3	3	3	3
1460	2	22	2	1	2	3	1	3	1	2	1	1	1	1	1	1	1	1	1	2	1	1	1	1	1	1	3	3	1	1	1	1	2	1	1
1461	1	22	2	2	1	2	1	1	2	2	2	3	2	3	3	2	1	1	1	2	2	2	2	1	2	2	1	2	3	2	1	2	2	1	2
1462	1	22	2	1	2	2	1	2	1	2	2	1	2	2	1	2	3	1	1	2	1	1	2	1	2	1	2	2	2	2	1	2	2	2	2
1463	2	22	2	1	1	2	1	1	1	2	1	2	1	1	1	1	1	2	1	1	1	1	1	1	2	1	1	1	2	2	1	1	2	1	1
1464	1	22	2	2	2	2	1	1	1	1	1	1	1	1	1	1	3	1	1	1	1	1	1	1	2	1	1	2	2	3	2	2	3	1	1
1465	1	22	2	1	1	2	1	2	2	2	2	1	2	1	2	1	2	2	1	2	2	1	1	1	3	2	2	1	2	2	2	2	2	2	2
1466	1	22	2	3	1	2	1	3	3	2	1	1	2	3	1	1	1	3	1	1	1	1	2	1	3	3	1	1	2	3	3	3	2	3	1
1467	2	22	2	2	1	1	1	1	1	2	2	2	1	2	3	2	3	1	1	3	1	1	1	2	1	1	1	1	1	1	1	1	1	1	1
1468	2	11	1	1	2	3	2	2	1	2	1	1	2	2	2	1	2	1	1	1	1	1	1	1	2	1	2	1	2	1	2	1	2	1	2
1469	1	11	1	1	1	1	1	1	1	1	3	1	1	1	1	1	1	1	1	1	1	1	1	1	2	1	1	1	1	1	1	1	2	1	1
1470	1	11	1	1	2	1	1	1	1	1	1	1	1	2	1	1	1	1	1	1	1	1	1	1	2	1	1	1	1	2	1	1	1	1	1
1471	1	11	1	1	1	1	1	1	1	1	1	1	2	1	1	1	1	1	1	1	1	1	1	1	2	1	1	2	1	2	2	1	1	2	1
1472	1	11	1	1	1	3	1	1	1	1	1	1	1	1	1	1	1	1	1	1	1	2	1	2	2	1	1	1	1	1	2	1	2	1	1
1473	1	11	1	1	2	1	1	2	1	2	1	1	1	1	1	1	1	1	1	1	1	2	2	1	2	2	1	2	2	1	1	2	1	2	1
1474	2	11	1	1	1	1	1	1	2	2	2	2	1	1	1	1	1	1	3	1	1	2	1	1	2	2	1	2	2	2	1	2	2	1	1
1475	2	11	1	1	1	1	1	2	2	2	1	2	1	2	2	1	2	2	1	1	1	1	1	1	2	3	1	2	3	2	2	2	3	2	1
1476	2	11	1	2	2	2	1	2	2	1	1	1	1	2	2	1	3	2	1	2	1	1	2	2	1	1	1	2	1	1	2	1	1	1	2
1477	1	11	1	1	1	1	1	1	1	1	1	1	1	1	1	1	1	1	1	1	1	1	1	1	1	1	1	1	1	1	1	1	1	1	1
1478	2	11	1	1	2	1	1	1	1	2	1	1	1	1	1	1	1	1	1	1	1	1	1	1	2	1	1	2	1	1	2	1	2	1	1
1479	99	11	1	1	1	1	1	2	1	1	1	1	1	2	1	1	1	2	2	1	2	1	2	1	2	2	1	1	2	1	3	2	2	1	1
1480	1	11	1	2	2	1	2	2	2	2	2	1	1	2	1	1	1	1	2	1	2	2	1	1	2	2	1	2	3	3	2	3	2	2	1
1481	1	11	1	1	1	1	1	2	1	1	1	1	1	1	1	1	1	1	1	1	1	1	1	1	2	2	1	2	2	2	1	1	2	1	1
1482	2	11	1	1	1	1	1	1	1	1	1	1	1	1	1	1	1	1	1	1	1	1	1	1	2	1	1	1	1	1	1	1	1	1	1
1483	2	11	1	1	1	1	1	2	2	2	1	1	1	2	2	2	1	1	2	1	1	2	1	1	3	1	1	1	1	2	2	2	2	1	1
1484	2	11	1	1	1	1	1	2	1	1	2	1	2	1	1	3	2	2	1	3	1	1	1	1	1	2	1	3	1	3	2	1	2	1	1
1485	1	11	1	1	1	1	1	1	2	1	2	2	1	1	2	1	3	1	2	1	1	1	2	1	2	2	1	2	1	2	1	1	2	2	1
1486	1	11	1	2	1	1	1	2	2	2	3	1	1	1	1	1	1	2	3	2	1	1	2	1	1	1	1	2	1	1	2	1	2	1	1
1487	1	11	1	1	2	1	1	2	2	2	2	1	1	2	1	1	1	2	2	1	1	1	1	1	2	1	1	1	2	3	1	1	2	2	1
1488	1	11	1	2	2	1	1	1	2	2	2	1	1	1	1	2	1	1	1	1	2	1	1	1	1	2	1	2	1	1	3	1	2	1	1
1489	1	11	1	2	1	1	1	1	1	2	1	1	2	1	1	3	2	1	1	1	2	1	1	3	2	2	1	1	1	2	1	1	2	1	1
1490	1	11	1	2	1	1	1	1	2	1	1	1	1	2	1	1	1	1	2	1	3	2	1	1	2	2	1	1	3	1	1	2	2	1	3
1491	2	11	1	1	1	1	1	1	1	1	2	1	1	1	1	1	1	1	1	1	3	3	1	2	1	1	1	1	1	1	2	1	2	1	1
1492	1	11	1	2	2	1	1	1	2	1	1	1	1	2	1	1	1	1	1	1	1	1	1	1	1	2	1	2	2	1	2	1	1	1	1
1493	2	11	1	1	1	1	1	1	1	1	1	1	1	1	1	1	1	1	1	1	1	1	1	1	1	1	1	1	1	1	1	1	1	1	1
1494	1	11	1	1	1	1	1	2	1	1	1	2	2	1	1	1	1	1	1	1	1	1	2	1	2	1	1	2	2	2	2	2	1	1	1
1495	2	11	1	1	1	1	1	1	1	1	1	1	1	1	1	1	2	1	1	1	1	1	1	1	1	1	1	1	2	1	1	1	1	1	2
1496	1	11	1	1	2	1	1	2	2	2	1	1	1	2	2	2	2	1	1	1	1	1	1	2	3	2	1	2	2	3	1	2	3	1	1
1497	1	11	1	2	1	1	1	1	1	1	2	1	1	1	1	1	1	1	1	1	2	1	1	1	2	2	1	1	2	2	2	1	1	1	1
1498	1	11	1	3	1	1	1	1	3	1	1	1	1	1	2	2	1	1	2	1	1	2	1	2	3	2	1	1	3	2	2	2	1	2	1
1499	1	11	1	2	1	1	1	1	2	1	2	1	1	1	2	1	1	1	1	1	1	1	1	1	2	2	1	1	1	1	2	1	1	1	1
1500	1	11	1	2	3	1	2	3	2	3	3	1	2	2	2	3	2	1	2	1	2	2	2	2	2	2	1	3	2	2	2	2	3	3	2
1501	1	11	1	2	1	1	1	2	3	2	3	2	1	2	2	1	1	2	2	1	1	1	2	1	2	2	1	2	2	2	3	2	2	2	1
1502	1	11	1	2	1	1	1	1	2	1	1	1	1	1	1	1	2	1	1	1	1	1	1	1	2	1	1	2	1	1	1	1	1	1	1
1503	2	11	1	1	1	1	1	1	1	1	1	2	1	1	2	1	1	1	1	1	1	1	2	1	2	2	1	1	2	2	1	2	1	1	1
1504	2	11	1	1	1	2	2	1	1	1	1	1	2	2	1	2	2	1	1	2	1	1	1	2	2	1	1	2	2	3	2	2	1	1	2
1505	2	11	1	1	1	1	1	1	1	1	1	1	1	2	2	1	1	1	1	1	1	1	1	1	2	2	1	2	2	1	3	1	2	1	1
1506	1	11	1	1	1	1	1	1	2	1	1	2	1	1	2	1	1	1	2	1	2	1	1	1	2	2	1	1	1	1	2	1	2	1	1
1507	1	11	1	1	2	1	2	1	1	2	1	1	1	2	2	1	1	1	1	1	1	2	1	2	2	2	1	2	2	2	2	2	2	1	2
1508	2	11	1	2	2	1	1	2	2	2	2	1	1	2	2	2	2	2	1	1	2	2	1	2	2	1	1	2	1	2	2	2	2	1	2
1509	2	11	1	1	1	1	1	1	1	1	1	1	1	2	1	2	2	1	1	1	1	1	1	1	2	1	1	2	2	2	2	1	1	1	1
1510	2	12	1	1	1	1	1	3	1	2	2	1	1	1	1	3	1	1	1	1	1	1	1	1	1	1	1	2	1	1	2	1	2	1	1
1511	1	12	1	2	1	1	1	1	2	1	2	1	1	1	1	1	1	1	1	1	1	1	1	1	2	1	1	1	1	2	1	1	2	1	1
1512	2	12	1	2	2	1	1	1	1	2	2	2	1	1	2	2	3	1	1	1	1	1	1	2	1	2	1	2	2	1	3	1	3	1	2
1513	99	12	1	1	2	1	1	2	1	2	2	2	2	2	2	2	1	2	1	2	1	1	1	1	1	1	1	1	1	1	1	1	1	1	1
1514	2	12	1	1	1	1	1	1	1	1	2	1	1	1	1	1	2	3	1	1	1	1	1	1	1	1	1	1	1	2	1	1	1	1	2
1515	1	12	1	2	2	2	2	1	3	1	2	1	1	2	1	1	1	2	1	2	3	1	1	1	3	3	1	1	2	2	3	3	2	2	2
1516	2	12	1	2	2	1	2	1	1	2	2	1	2	1	1	2	1	2	3	1	1	1	1	1	2	1	1	2	1	3	1	1	2	1	2
1517	1	12	1	1	1	1	1	1	3	1	1	1	1	1	2	1	1	2	1	1	1	1	1	1	2	2	1	3	2	3	3	1	1	1	1
1518	1	12	1	1	2	3	1	3	2	2	2	2	3	2	3	3	2	3	1	2	3	1	3	2	2	2	1	2	2	2	3	2	2	2	2
1519	1	12	1	1	2	1	1	1	2	1	1	1	1	1	1	1	2	1	1	1	1	1	2	1	2	1	1	1	2	2	1	1	1	1	1
1520	1	12	1	1	1	1	1	2	1	1	1	1	1	2	2	1	1	1	1	1	1	1	2	1	1	1	1	1	1	2	2	2	1	1	1
1521	1	12	1	2	3	1	2	3	3	3	3	2	2	3	2	1	1	2	2	1	1	1	3	3	3	3	1	1	3	3	2	2	1	2	2
1522	1	12	1	1	2	1	1	2	2	2	2	1	1	2	2	1	2	2	1	1	1	1	1	1	2	2	1	3	2	3	3	1	3	3	1
1523	1	12	1	1	1	1	1	1	2	1	1	1	2	2	1	3	1	1	1	1	2	1	1	1	3	2	1	2	2	1	2	1	2	2	1
1524	1	12	1	2	2	2	1	1	2	3	1	3	2	2	1	2	2	1	3	2	2	1	2	2	2	2	1	1	2	2	2	1	2	2	2
1525	2	12	1	2	2	1	1	1	2	2	1	2	1	1	1	1	1	1	1	1	1	1	1	1	3	2	1	1	2	2	2	1	2	1	1
1526	1	12	1	2	2	2	2	2	2	2	3	2	2	3	3	2	3	2	1	2	1	1	2	1	2	2	2	2	2	2	3	1	2	2	2
1527	1	12	1	2	2	1	1	2	3	1	1	2	1	2	3	3	2	2	1	1	3	3	2	1	2	3	1	2	2	3	3	3	2	3	1
1528	1	12	1	1	2	1	1	2	1	1	1	1	3	2	2	1	1	1	1	1	1	1	2	1	2	1	1	2	2	2	2	1	1	2	2
1529	2	12	1	1	2	1	1	2	1	2	1	1	1	2	2	2	1	2	1	1	1	1	1	1	2	1	1	2	1	1	2	1	2	1	2
1530	2	12	1	2	2	1	2	2	2	2	2	2	1	2	3	1	2	2	2	1	2	1	2	2	3	3	1	3	3	3	3	3	3	1	2
1531	1	12	1	2	2	1	1	2	2	2	1	1	1	2	1	1	1	2	1	1	2	1	2	1	2	2	1	1	2	2	2	2	1	2	1
1532	2	12	1	2	2	1	1	1	1	2	2	1	1	2	2	1	1	1	1	1	1	1	1	1	2	2	1	1	1	2	1	1	1	1	1
1533	1	12	1	1	1	1	1	1	1	1	1	1	1	1	1	1	1	1	1	1	1	1	1	1	1	1	1	1	1	1	1	1	1	1	1
1534	2	12	1	2	1	1	1	1	1	1	2	1	1	1	1	1	1	1	1	1	1	1	1	1	2	1	1	1	1	1	1	1	2	1	1
1535	2	12	1	3	3	1	3	3	3	2	2	2	1	2	2	2	2	2	2	1	2	2	2	1	3	2	1	1	1	3	3	2	3	1	2
1536	1	12	1	2	2	1	2	2	2	2	1	2	1	3	3	1	3	3	1	1	3	2	3	1	3	3	1	2	3	3	3	3	3	3	2
1537	2	12	1	1	1	1	1	2	1	2	2	1	2	1	2	1	2	1	1	1	1	1	2	2	2	1	1	1	1	2	2	1	2	1	2
1538	1	12	1	2	2	1	1	2	2	2	1	1	1	2	2	1	1	1	2	1	1	1	1	1	2	2	1	2	2	2	2	1	3	1	1
1539	2	12	1	1	2	1	1	2	1	1	1	1	1	1	2	1	2	2	1	1	1	1	1	1	2	1	1	2	1	2	2	2	2	1	2
1540	1	12	1	1	2	1	1	2	2	2	1	2	1	2	2	2	2	2	2	1	1	1	2	2	2	2	1	1	2	3	2	2	2	2	1
1541	1	12	1	1	1	1	1	1	1	1	1	1	1	1	1	1	1	1	1	1	1	2	1	1	2	1	1	1	2	1	1	1	1	1	1
1542	1	12	1	1	1	1	1	2	1	2	1	1	2	2	2	1	1	2	1	1	1	1	1	1	2	2	1	2	1	1	1	1	2	1	1
1543	1	12	1	1	1	1	1	1	1	1	1	1	1	1	1	1	2	1	1	1	1	1	1	1	1	1	1	1	1	1	1	1	1	1	1
1544	1	12	1	2	3	1	1	3	2	3	1	2	3	3	3	3	3	3	1	2	1	1	3	3	3	3	2	2	3	3	3	2	3	3	3
1545	1	12	1	1	1	1	1	1	1	1	1	1	1	1	1	1	1	1	1	1	3	1	1	1	2	1	1	1	2	2	1	1	2	1	1
1546	1	12	1	2	2	1	1	1	1	2	1	2	2	2	2	1	1	1	1	1	1	1	1	1	2	2	1	1	1	1	1	1	2	2	1
1547	1	12	1	2	2	1	1	2	2	1	2	1	1	2	1	2	1	1	2	2	2	1	2	2	2	2	1	2	2	3	2	2	2	2	2
1548	1	12	1	2	1	1	2	2	3	2	2	1	1	1	2	3	1	1	1	2	1	1	1	1	2	2	1	2	2	2	2	2	3	2	2
1549	2	12	1	1	2	1	1	1	1	2	1	2	1	2	2	1	3	2	1	2	1	1	2	2	2	2	1	2	2	2	1	1	2	1	2
1550	1	12	1	1	2	1	1	1	2	2	2	1	2	2	2	2	1	1	2	1	2	1	1	1	2	2	1	2	2	2	1	2	3	2	1
1551	2	12	1	2	2	1	1	2	2	2	2	1	2	2	2	2	3	1	2	2	2	1	2	2	3	3	2	2	2	3	2	2	3	3	3
1552	2	12	1	1	1	1	1	1	1	1	1	1	1	2	2	1	1	1	1	1	1	2	1	1	2	1	1	1	1	2	1	1	1	1	1
1553	2	12	1	2	2	1	1	1	2	2	2	3	2	1	2	2	2	2	1	1	3	1	2	2	3	1	1	3	3	2	2	2	3	1	2
1554	2	12	1	2	1	1	1	2	1	1	3	2	2	2	2	2	2	1	2	2	2	2	2	1	1	1	2	2	2	2	2	2	2	2	2
1555	1	11	1	2	2	1	1	1	2	1	1	1	1	2	2	1	2	1	1	1	1	1	2	1	3	1	1	1	2	2	1	2	1	2	1
1556	1	11	1	1	2	1	1	1	1	2	1	1	1	2	2	2	1	1	1	2	2	1	2	1	3	1	1	1	2	2	2	2	2	2	1
1557	1	11	1	1	1	1	1	1	1	1	1	1	1	1	1	1	1	1	1	1	1	1	1	1	1	1	1	1	1	1	1	1	1	1	1
1558	1	11	1	1	3	3	1	2	1	1	1	1	1	1	2	2	1	1	2	1	1	2	1	1	2	2	1	1	1	1	1	1	2	1	1
1559	2	11	1	2	2	1	1	1	2	2	1	1	1	2	2	1	3	1	1	1	1	1	1	1	3	2	1	1	3	2	1	2	3	3	2
1560	2	11	1	1	1	1	1	1	1	1	1	1	1	1	1	1	1	1	1	1	1	1	1	1	2	1	1	3	1	2	1	1	1	2	1
1561	2	11	1	1	1	1	1	1	2	1	1	1	1	1	1	3	1	1	1	1	1	1	1	1	2	2	1	1	2	1	1	2	2	2	1
1562	2	11	1	2	1	1	1	1	1	1	1	2	1	2	2	1	1	1	1	1	2	1	2	1	2	2	1	1	2	2	2	2	1	2	1
1563	2	11	1	1	1	1	1	2	2	1	1	1	1	2	2	1	1	1	1	1	1	1	1	1	2	1	1	1	2	1	2	1	1	2	1
1564	1	11	1	1	1	1	1	1	1	1	2	1	1	1	1	1	1	1	1	1	1	1	1	1	1	1	1	1	1	1	1	1	1	1	1
1565	2	11	1	3	2	1	2	2	3	2	1	2	2	2	3	1	1	2	2	1	2	1	2	2	3	2	1	1	3	3	2	2	2	3	2
1566	1	11	1	2	1	1	1	2	2	1	2	1	1	3	2	2	2	2	1	2	3	2	2	2	3	3	1	2	3	3	3	3	3	3	2
1567	2	11	1	2	1	1	2	2	3	1	1	1	1	2	2	2	2	1	1	1	3	2	1	1	3	3	1	1	3	3	3	2	2	3	1
1568	1	11	1	3	1	1	1	2	1	1	1	2	1	1	2	3	2	1	1	1	1	1	1	1	2	1	1	2	1	1	2	2	2	2	1
1569	2	11	1	2	1	1	1	1	1	1	1	1	1	1	1	1	1	1	1	1	2	1	1	1	2	2	1	1	2	2	2	1	1	1	1
1570	2	11	1	2	1	1	1	2	1	1	1	2	1	1	2	1	2	2	1	1	1	1	2	1	2	1	1	1	2	1	1	1	1	1	1
1571	2	11	1	1	1	1	1	1	1	1	1	1	1	1	1	1	1	1	1	1	1	1	1	1	1	1	1	1	1	1	1	1	1	1	1
1572	2	11	1	1	1	1	1	1	1	1	1	1	1	1	1	1	1	1	1	1	1	1	1	1	1	1	1	1	1	1	1	1	1	1	1
1573	1	11	1	1	1	1	1	2	2	2	1	1	2	2	2	2	2	2	2	2	2	2	1	3	3	3	1	3	3	3	2	2	3	2	2
1575	1	11	1	1	2	1	1	1	2	2	2	2	2	1	1	1	2	1	1	2	1	3	2	2	2	1	1	2	1	2	1	2	2	1	2
1576	1	11	1	1	1	1	3	1	3	1	1	2	2	2	2	2	1	3	1	1	1	3	1	1	1	2	1	2	1	1	1	2	2	1	1
1577	1	11	1	1	2	1	1	2	2	2	1	2	2	2	2	2	3	2	1	2	1	1	3	1	2	1	1	1	2	1	1	1	1	1	2
1578	1	11	1	1	1	1	1	1	1	1	2	2	1	2	2	2	2	1	1	1	1	3	1	1	2	2	1	2	1	2	2	2	2	1	2
1579	1	11	1	1	2	1	1	1	2	1	1	1	1	1	1	1	1	1	1	1	1	1	1	1	1	1	1	1	1	1	1	1	1	1	1
1580	2	11	1	1	2	1	1	1	1	1	2	1	1	2	1	1	2	1	1	1	1	1	1	1	1	1	1	3	1	1	1	1	1	1	1
1581	1	11	1	1	1	1	1	1	1	1	1	1	1	1	1	1	1	1	1	1	1	1	1	1	1	1	1	2	1	2	1	1	1	1	1
1582	2	11	1	2	2	2	2	2	2	3	1	1	3	2	3	2	2	2	1	2	3	1	2	2	3	2	1	3	3	3	2	2	2	2	2
1583	1	11	1	2	1	1	1	1	2	1	2	1	2	2	1	2	2	1	1	1	2	1	1	2	3	3	1	2	2	1	2	1	3	2	3
1584	2	11	1	1	2	1	1	1	1	2	2	1	1	1	1	2	2	1	1	2	1	1	1	3	1	1	1	2	1	1	2	1	3	1	2
1585	2	11	1	2	1	1	1	1	2	2	3	1	2	2	1	2	2	1	2	1	2	1	1	1	3	2	1	2	3	2	3	1	3	2	1
1586	1	11	1	1	1	1	1	1	2	2	1	1	1	2	1	3	1	1	1	1	1	1	1	1	2	1	1	1	1	1	2	1	1	2	1
1587	1	11	1	3	2	1	1	2	3	3	1	2	2	2	2	2	1	2	1	2	3	1	1	1	3	2	1	3	3	3	3	2	1	2	2
1588	1	11	1	1	1	1	1	1	1	1	2	1	1	1	1	1	2	1	1	1	1	1	1	1	1	1	1	1	1	1	1	1	2	1	1
1589	1	11	1	1	1	1	1	2	1	1	1	1	1	1	1	1	1	3	3	2	3	3	1	2	1	1	1	1	1	1	1	1	1	1	1
1590	1	11	1	1	2	1	1	2	3	2	1	1	2	2	2	2	2	1	1	1	1	1	2	1	2	1	1	1	2	1	2	2	2	2	2
1591	2	12	1	1	1	1	2	1	2	1	1	2	1	1	2	1	1	1	2	1	1	2	2	1	1	1	1	1	1	1	1	1	1	1	1
1592	2	12	1	1	2	1	1	1	1	1	1	1	1	2	2	2	2	1	1	1	1	2	2	2	2	1	1	2	2	1	1	1	1	1	1
1593	2	12	1	1	1	1	1	1	1	1	1	1	2	1	2	2	2	1	1	1	1	1	1	1	2	1	1	2	2	1	1	1	1	1	1
1594	1	12	1	2	2	1	1	1	2	2	2	1	2	1	2	1	1	1	2	1	1	1	1	2	2	2	1	1	2	2	2	2	2	1	1
1595	2	12	1	1	2	1	1	1	1	1	1	1	2	2	3	1	2	1	1	1	1	1	1	1	2	2	1	2	2	1	2	1	1	2	2
1596	2	12	1	2	2	1	2	2	2	2	2	1	1	1	1	1	2	1	2	2	1	2	1	2	2	2	1	2	2	2	2	2	2	1	1
1597	2	12	1	1	1	1	1	1	2	1	1	1	1	1	1	3	2	1	1	2	1	1	2	1	1	1	1	1	2	2	2	1	1	1	1
1598	2	12	1	3	1	1	2	1	2	1	2	1	1	2	1	1	1	1	1	1	1	1	1	1	1	2	1	1	2	1	2	1	2	1	1
1599	2	12	1	1	1	1	1	1	1	1	1	1	1	1	1	1	2	1	1	1	1	1	1	1	1	1	1	1	1	1	2	1	1	1	1
1600	2	12	1	1	1	1	1	1	1	2	1	1	1	2	2	1	1	1	1	1	1	1	1	1	2	2	1	1	1	1	1	2	1	1	1
1601	2	12	1	1	2	1	1	1	1	2	1	2	1	2	1	2	2	2	1	1	1	1	2	2	2	2	1	2	2	2	1	1	1	1	2
1602	2	12	1	2	3	1	1	1	3	3	1	1	1	1	1	2	2	1	1	2	2	1	1	1	3	2	1	1	3	3	3	2	3	1	2
1603	1	12	1	1	1	1	1	3	1	1	1	1	1	1	1	1	1	1	1	1	1	1	1	1	1	2	1	1	2	1	1	1	1	1	1
1604	1	12	1	1	2	1	1	2	1	1	1	2	1	2	2	1	1	2	1	1	1	1	1	1	2	1	1	1	2	2	1	1	1	1	1
1605	2	12	1	1	2	1	1	1	1	1	2	2	1	1	1	1	1	1	3	1	1	2	1	1	2	1	1	1	1	2	2	1	1	1	1
1606	1	12	1	2	3	1	2	1	2	3	1	1	1	2	2	1	1	1	2	1	1	1	2	1	3	3	1	1	3	2	3	3	2	2	1
1607	2	12	1	1	1	1	1	2	2	1	1	2	1	2	2	1	2	1	1	1	1	2	2	1	3	2	1	1	2	1	1	1	1	1	1
1608	2	12	1	1	1	1	1	1	1	1	1	1	1	1	1	1	1	1	1	1	1	1	1	1	1	1	1	1	1	2	1	1	1	1	1
1609	2	12	1	1	1	1	1	1	2	1	1	2	2	1	1	1	1	1	1	1	1	2	1	1	1	1	1	1	1	2	2	1	2	1	1
1610	2	12	1	1	1	1	1	1	2	1	2	1	1	1	1	1	1	1	1	1	2	1	1	1	2	2	1	2	1	1	1	1	1	1	1
1611	1	12	1	3	1	2	1	1	2	1	1	1	1	2	2	1	2	1	1	1	1	1	1	1	2	2	1	1	1	1	1	2	2	1	2
1612	2	12	1	3	1	2	1	1	3	1	2	1	2	2	2	1	2	1	2	1	3	1	1	1	3	3	1	1	3	3	2	2	3	3	1
1613	1	12	1	1	1	1	1	1	1	2	1	1	1	1	2	1	1	1	1	1	2	1	1	1	2	2	1	1	2	2	1	1	1	2	1
1614	1	12	1	2	2	2	1	1	2	2	1	1	2	2	2	1	3	1	1	1	1	1	1	1	3	1	1	1	2	3	1	2	1	2	2
1615	2	12	1	1	1	1	1	1	2	1	2	1	1	2	1	1	1	1	1	1	1	1	1	1	2	2	1	1	1	2	1	1	1	1	2
1616	2	12	1	1	1	1	3	3	3	1	1	1	1	1	2	1	2	1	1	1	1	1	1	1	2	1	1	1	2	2	2	2	2	2	1
1617	2	12	1	1	2	1	1	1	1	1	2	1	1	1	1	1	1	1	1	1	1	1	1	1	1	1	1	1	1	2	1	1	1	1	1
1618	2	12	1	3	2	1	1	1	2	1	3	1	1	1	1	1	1	1	1	1	2	1	1	1	2	2	1	1	2	2	2	1	1	1	1
1619	1	12	1	1	2	1	1	2	2	2	1	2	1	3	2	2	3	1	1	1	1	1	1	1	2	1	1	1	2	1	2	1	1	1	1
1620	2	12	1	2	2	1	1	2	2	2	1	1	1	2	2	1	2	2	1	1	1	2	3	1	2	2	1	2	1	1	2	2	3	2	1
1621	2	12	1	1	1	1	2	1	2	1	1	1	1	1	1	1	1	1	2	1	2	2	1	1	2	2	1	1	2	3	1	1	1	1	1
1622	1	12	1	1	1	1	1	1	1	1	2	1	2	1	1	2	2	1	1	1	1	1	1	1	3	1	1	2	1	2	1	1	2	2	1
1623	2	12	1	2	1	1	1	1	2	1	1	1	1	2	1	1	2	1	1	1	1	1	1	1	2	2	1	1	2	2	2	2	1	1	2
1624	2	12	1	1	1	1	1	1	1	1	1	1	1	2	1	1	1	1	1	1	1	1	1	1	2	1	1	1	2	1	1	1	1	1	1
1625	1	12	1	1	2	3	1	1	1	2	1	2	1	1	1	1	2	1	1	1	1	1	1	1	2	1	1	1	1	1	1	1	1	1	1
1626	1	12	1	3	2	1	2	2	2	2	1	1	2	2	1	1	3	2	1	1	3	1	2	2	3	3	2	1	2	3	2	2	2	3	2
1627	1	12	1	1	1	1	1	1	1	1	1	1	1	1	1	1	1	1	1	1	1	1	1	1	1	1	1	1	1	1	1	1	1	1	1
1628	99	12	1	2	1	2	1	1	2	1	1	1	1	2	2	1	3	1	1	1	2	1	1	1	3	2	1	1	2	3	1	2	2	3	1
1629	2	12	1	2	2	1	1	1	1	2	1	1	1	1	1	1	1	1	1	1	1	1	1	1	2	2	1	1	2	2	1	1	1	2	1
1630	2	12	1	1	1	1	1	3	1	1	1	2	1	1	1	1	3	1	1	1	1	1	1	1	1	1	1	2	1	1	1	1	1	1	1
1631	2	12	1	1	1	1	1	1	1	1	1	1	1	1	2	1	1	1	1	1	1	1	1	1	2	1	1	1	1	1	1	1	1	1	1
1632	2	12	1	1	2	3	1	3	1	3	1	2	2	2	3	2	3	2	1	3	2	2	3	2	2	2	1	1	1	2	3	2	1	1	1
1633	2	12	1	2	1	1	2	1	2	1	2	1	1	1	1	1	1	1	1	1	1	2	1	1	3	2	1	1	2	2	1	1	1	2	1
1634	1	12	1	2	1	1	1	1	1	1	1	2	2	2	3	1	3	1	1	1	1	1	2	1	3	2	1	1	1	2	1	1	2	1	1
1635	1	12	1	1	1	1	1	1	2	2	1	1	1	1	1	1	2	1	1	1	1	1	1	1	2	2	1	1	1	2	2	1	2	2	1
1636	2	12	1	1	1	1	1	1	1	1	1	2	2	2	2	1	1	1	1	1	1	1	2	1	2	1	1	3	2	2	2	1	1	1	1
1637	1	12	1	1	2	1	1	2	2	2	2	1	1	1	2	1	2	1	1	2	1	1	1	1	1	2	1	2	1	1	1	1	1	1	1
1638	1	12	1	1	1	1	1	1	1	1	2	1	1	1	1	1	1	1	1	1	1	2	1	1	2	1	1	2	1	2	1	1	1	1	1
1639	2	12	1	2	3	1	1	2	2	3	2	1	2	2	2	2	3	2	1	1	1	1	2	1	2	2	2	2	2	3	1	2	2	2	2
1640	1	12	1	2	1	1	1	2	1	1	1	1	1	1	2	2	1	2	1	1	1	1	1	2	2	1	1	1	2	1	2	1	2	2	1
1641	1	12	1	3	2	1	2	2	2	2	2	2	2	2	2	2	1	1	1	1	2	1	2	1	2	2	1	1	3	3	2	2	2	2	2
1642	1	12	1	1	2	1	1	2	1	2	1	3	2	2	2	2	3	3	1	2	1	1	2	2	2	1	1	1	1	2	1	1	2	1	2
1643	1	12	1	1	2	1	1	2	1	3	1	1	1	3	2	1	1	1	1	1	1	2	2	1	3	1	1	3	2	3	3	2	3	1	2
1644	2	12	1	1	1	1	1	2	1	1	1	1	3	2	2	1	3	2	1	1	1	1	1	1	2	2	1	1	1	1	1	1	2	3	1
1645	1	12	1	1	1	1	1	1	2	1	1	1	1	1	1	1	2	1	1	1	1	1	1	1	2	2	1	1	2	2	2	2	1	2	2
1646	2	12	1	2	1	1	1	1	1	2	1	2	1	1	1	1	1	1	1	1	2	1	1	1	1	2	1	1	1	1	1	1	2	1	1
1647	1	12	1	2	2	1	2	2	2	2	2	1	1	1	1	1	1	1	2	1	3	3	1	1	2	2	1	1	1	1	1	1	1	2	1
1648	1	12	1	2	1	1	1	1	2	2	1	2	1	2	1	1	1	1	2	1	1	1	1	1	2	1	1	1	1	2	1	1	2	1	1
1649	1	11	1	3	1	1	2	2	3	2	2	1	2	2	3	1	1	2	2	1	2	3	1	2	2	2	1	2	2	3	2	1	2	1	2
1650	1	11	1	2	1	1	1	2	1	2	1	1	1	2	2	1	1	1	1	1	1	1	1	1	2	1	1	1	2	1	1	2	1	2	1
1651	1	11	1	1	1	1	1	1	1	1	2	1	1	1	1	3	1	1	1	1	1	1	1	1	2	2	1	3	2	3	2	1	2	2	1
1652	1	11	1	1	2	1	1	2	1	1	1	2	1	1	2	1	1	1	1	1	2	1	1	1	2	2	1	1	2	2	2	1	1	1	1
1653	1	11	1	1	1	1	1	1	1	1	1	1	1	1	1	1	2	1	1	1	1	1	1	1	2	3	1	1	2	2	2	1	2	1	1
1654	2	11	1	2	2	2	2	2	2	2	2	1	1	2	2	1	2	1	2	1	1	1	2	2	3	2	1	2	3	3	3	2	3	3	3
1655	1	11	1	1	1	1	1	1	1	1	1	1	1	1	1	3	1	1	1	1	1	1	1	1	2	1	1	2	2	1	1	1	2	1	1
1656	1	11	1	1	1	3	1	1	1	2	2	1	1	1	1	2	1	1	1	1	1	1	1	2	2	2	1	1	2	1	2	1	3	1	2
1657	1	11	1	1	1	1	1	1	1	1	1	1	1	1	1	1	1	1	1	1	1	1	1	1	2	2	1	1	3	1	2	2	2	2	1
1658	2	11	1	1	2	1	1	2	1	2	1	2	2	1	1	1	2	2	1	1	3	1	2	1	2	1	1	1	2	2	1	1	2	1	1
1659	1	11	1	1	1	1	1	2	1	1	1	1	1	1	1	1	1	1	1	1	1	1	1	1	2	2	1	1	2	1	1	2	2	1	1
1660	1	11	1	1	2	1	1	1	1	2	1	1	1	1	1	1	2	1	1	1	2	1	1	1	2	2	1	1	2	2	1	2	2	1	1
1661	1	11	1	2	1	1	2	3	2	1	2	1	2	3	2	2	2	2	1	1	3	2	1	2	3	2	1	2	2	2	2	1	3	3	3
1662	2	11	1	1	1	1	1	1	1	1	1	2	1	1	2	1	2	1	1	1	1	1	1	1	2	2	1	1	1	1	1	1	1	1	1
1663	1	11	1	1	1	1	1	1	1	1	2	1	1	2	1	1	2	1	2	1	1	2	1	1	2	1	1	1	2	1	1	1	1	1	1
1664	2	11	1	1	1	1	1	2	1	2	2	2	2	2	2	2	2	2	1	1	2	1	2	2	3	2	1	2	2	2	2	1	2	1	1
1665	1	11	1	1	1	1	1	1	1	1	1	1	1	1	1	1	1	1	1	1	1	1	1	1	2	1	1	1	1	1	1	1	1	1	1
1666	2	11	1	1	3	1	1	1	1	1	1	1	1	2	1	3	1	1	1	1	1	1	1	1	2	2	1	1	2	1	3	2	2	2	2
1667	2	11	1	1	1	1	1	1	1	1	2	1	1	1	1	1	2	1	1	1	1	2	1	1	1	2	1	1	1	1	1	1	2	1	1
1668	1	11	1	1	1	1	1	1	1	1	1	1	1	1	1	1	1	1	1	1	1	2	2	1	1	1	1	1	2	1	2	1	1	1	1
1669	1	11	1	2	1	1	1	1	1	1	1	1	1	1	1	3	1	1	1	1	1	1	1	1	2	2	1	1	1	1	2	1	1	2	1
1670	1	11	1	1	1	1	1	1	1	1	1	1	1	3	1	1	1	1	1	1	3	1	1	1	2	1	1	1	2	1	1	1	1	1	1
1671	2	11	1	1	2	1	1	1	1	1	2	1	1	1	2	1	2	1	1	1	1	2	1	1	1	1	1	1	1	1	1	1	1	1	1
1672	1	12	1	1	1	1	1	3	1	1	1	1	1	1	1	1	2	1	1	1	1	1	1	1	1	1	1	1	1	1	1	1	1	1	1
1673	1	12	1	1	1	1	1	1	1	1	1	1	1	2	1	1	1	1	1	1	1	1	1	1	1	1	1	2	2	2	3	1	2	1	1
1674	1	12	1	1	1	1	1	1	1	1	1	1	1	2	1	1	1	1	1	1	1	1	2	1	2	1	1	1	1	1	1	1	1	1	1
1675	1	12	1	1	1	1	1	1	1	1	1	1	1	1	1	1	1	1	1	1	1	1	1	1	1	1	1	1	2	1	2	1	1	1	1
1676	99	12	1	1	1	1	1	2	1	1	1	1	1	1	1	1	2	1	3	1	1	1	1	1	2	2	1	2	1	2	2	1	2	1	2
1677	1	12	1	1	2	1	1	3	1	3	2	2	2	3	3	3	2	1	1	1	2	1	2	1	3	2	1	1	3	3	2	2	2	3	2
1678	2	12	1	2	1	1	2	2	2	1	2	1	1	1	1	1	1	1	2	1	1	2	1	1	2	1	1	2	2	2	1	1	2	1	1
1679	2	12	1	1	2	1	1	2	1	2	1	1	1	1	1	1	1	1	1	1	1	1	1	1	1	1	1	1	1	1	1	1	1	1	1
1680	1	12	1	1	1	1	1	1	1	1	1	1	1	1	1	1	1	1	1	1	1	1	1	1	1	2	1	1	2	1	1	2	1	1	1
1681	1	12	1	1	1	1	1	1	1	1	1	1	1	1	1	1	1	1	1	1	1	1	1	1	2	1	1	1	1	1	1	1	1	1	1
1682	2	12	1	1	1	1	1	1	1	1	2	1	2	1	1	3	3	1	1	2	1	1	1	1	1	1	1	1	2	1	1	1	2	1	1
1683	2	12	1	2	2	1	2	2	1	1	1	1	1	2	1	1	1	2	3	1	3	3	1	1	3	3	1	2	3	3	1	2	1	1	1
1684	1	12	1	3	3	1	1	2	1	3	2	1	3	3	3	2	2	1	1	1	2	1	1	3	3	3	1	2	2	3	3	2	2	2	1
1685	1	12	1	1	2	1	1	1	2	2	2	2	1	1	1	1	1	1	1	1	2	1	2	1	2	2	1	1	2	2	2	2	1	1	1
1686	1	12	1	2	2	1	1	2	3	2	1	2	2	2	2	2	2	1	1	3	2	2	3	2	2	2	3	2	2	2	3	3	2	1	1
1687	2	12	1	1	2	1	1	2	1	3	1	2	1	3	3	2	2	2	1	1	1	1	1	1	3	2	1	3	2	3	1	1	3	1	3
1688	2	12	1	2	2	2	2	2	2	2	2	1	1	1	1	1	1	1	2	2	2	2	2	3	3	2	2	1	1	2	2	1	1	3	1
1689	2	12	1	3	1	1	3	1	3	1	3	1	1	1	1	1	2	2	2	2	1	3	1	2	1	1	1	1	2	2	2	1	1	1	1
1690	2	12	1	1	2	1	1	2	3	2	1	1	1	1	1	1	1	1	1	1	1	1	1	1	3	1	1	1	1	1	1	1	1	1	1
1691	1	12	1	1	2	1	1	3	1	2	2	1	2	3	2	2	1	2	1	1	1	1	3	1	1	2	1	1	2	2	1	2	1	1	1
1692	2	12	1	1	2	1	1	1	2	1	1	2	1	1	1	1	1	2	1	1	2	1	1	1	2	2	1	1	2	2	1	2	1	1	1
1693	1	12	1	2	2	2	1	2	1	2	2	1	2	2	2	2	2	1	1	2	3	1	2	2	2	3	1	2	3	3	3	3	3	2	3
1694	2	12	1	2	2	1	1	2	2	2	3	2	1	1	2	2	2	1	2	1	1	2	1	1	2	1	2	1	1	1	2	1	1	1	2
1695	2	12	1	1	1	2	1	2	1	1	2	2	1	1	1	1	2	2	1	1	1	1	1	1	2	1	1	2	3	2	2	2	1	1	1
1696	2	12	1	1	2	1	1	2	2	1	2	2	2	2	2	2	1	2	2	2	2	3	2	2	1	2	1	2	1	2	1	2	1	2	1
1697	1	12	1	3	1	1	3	1	3	1	3	1	1	1	1	1	1	1	3	1	1	3	1	1	1	1	1	1	1	1	1	1	1	1	1
1698	1	12	1	1	2	1	1	1	3	1	1	1	1	1	2	1	1	2	1	1	1	1	1	1	2	2	1	1	1	1	2	1	1	1	1
1699	1	12	1	1	1	1	1	1	1	1	1	1	1	1	1	1	1	1	1	1	1	1	1	1	1	1	1	1	1	1	1	1	1	1	1
1700	2	12	1	2	1	1	1	1	2	1	1	1	1	1	2	1	1	1	1	1	1	1	1	1	2	1	1	1	2	2	1	1	2	1	1
1701	1	12	1	1	1	1	1	1	2	1	1	2	1	1	1	1	1	1	1	1	1	1	2	2	2	1	1	1	2	2	1	2	2	2	1
1702	1	12	1	2	1	1	1	1	1	1	1	2	1	1	2	1	1	1	1	1	1	1	1	2	2	1	1	1	1	1	1	2	2	1	1
1703	99	12	1	2	2	1	1	1	2	2	1	1	1	1	1	1	2	1	1	1	1	1	1	1	2	1	1	1	1	2	1	1	1	1	1
1704	2	12	1	1	2	1	1	2	1	1	1	1	1	2	1	1	2	1	1	1	1	1	1	1	1	1	2	2	1	1	1	2	2	1	1
1705	2	12	1	2	1	1	1	1	2	1	2	1	1	1	2	1	2	1	1	3	1	1	1	1	1	1	1	2	1	2	1	1	1	1	1
1706	1	12	1	2	1	1	1	2	2	1	1	1	2	2	2	3	2	1	1	1	2	1	2	2	2	2	1	1	2	2	2	2	2	2	2
1707	2	12	1	1	1	1	1	1	2	2	2	1	2	1	1	1	1	1	1	1	1	1	1	1	1	1	1	2	1	1	2	1	2	1	1
1708	1	12	1	1	1	1	1	2	1	1	1	1	1	1	2	1	1	1	1	1	1	1	1	1	3	2	1	1	2	2	1	1	2	1	1
1709	1	12	1	1	1	1	1	1	2	1	1	1	1	2	1	1	2	1	1	1	2	2	1	1	3	2	1	1	3	2	1	2	1	3	1
1710	2	12	1	1	1	1	1	1	1	2	1	1	2	2	1	1	1	1	1	3	1	1	1	1	2	1	1	1	1	1	2	1	2	1	1
1711	1	12	1	1	2	1	1	3	2	2	2	2	2	2	2	2	1	2	1	1	1	1	3	1	2	1	1	1	2	1	2	1	3	2	1
1712	2	12	1	3	1	3	2	2	3	1	2	3	3	2	2	2	1	2	3	2	2	3	2	1	3	2	1	2	2	3	3	2	3	1	1
1713	1	12	1	1	1	1	1	1	2	1	1	1	1	1	1	1	2	1	2	1	2	1	1	1	2	2	1	1	2	2	2	1	2	2	1
1714	2	12	1	2	2	1	1	2	2	2	1	2	1	2	2	2	2	2	1	1	1	2	2	3	2	2	1	2	2	1	2	2	2	2	2
1715	1	12	1	2	2	1	1	2	2	2	1	1	2	2	2	2	3	2	1	1	1	1	2	1	3	2	1	1	3	3	3	1	2	2	2
1716	2	12	1	3	1	3	1	2	3	1	2	3	2	2	2	2	3	2	3	3	3	3	2	2	2	3	2	3	1	1	3	3	3	2	3
1717	2	21	2	1	2	1	1	1	1	2	1	2	1	2	2	1	1	2	1	2	1	1	1	2	1	1	1	2	1	1	1	1	2	1	2
1718	2	21	2	1	1	1	1	1	2	1	1	2	1	1	2	2	1	1	1	1	1	1	1	1	2	2	1	1	1	1	2	1	1	1	1
1719	1	21	2	2	1	2	2	2	2	1	1	1	1	2	1	1	1	1	2	1	2	2	2	1	3	3	1	1	2	3	2	3	3	3	2
1720	1	21	2	2	2	2	1	3	2	2	2	2	1	2	2	1	1	2	1	1	1	1	2	1	2	2	1	2	3	2	2	2	2	2	1
1721	1	21	2	1	1	2	1	1	2	2	2	1	2	1	2	1	2	1	1	1	1	1	2	1	2	2	1	2	1	1	2	1	3	2	2
1722	2	21	2	2	2	2	1	2	1	1	1	1	1	1	1	2	1	1	1	2	2	1	2	1	2	2	2	2	2	3	2	2	2	1	2
1723	1	21	2	3	2	2	2	3	3	2	1	1	2	3	2	3	2	2	2	1	3	2	2	2	3	3	1	1	3	2	3	3	2	3	2
1724	1	21	2	2	1	1	2	2	2	2	2	1	1	2	2	1	1	1	2	1	2	2	2	1	3	3	1	1	3	3	2	3	1	3	1
1725	2	21	2	2	2	2	1	1	2	2	1	1	1	2	2	1	3	1	1	2	2	1	1	2	2	2	1	1	2	1	1	2	3	1	2
1726	2	21	2	1	2	2	1	1	1	2	2	1	1	2	1	2	2	2	1	2	1	1	2	1	1	1	2	2	1	2	3	1	2	1	2
1727	1	21	2	1	1	2	1	1	1	1	1	1	1	1	2	1	1	1	1	2	1	1	1	2	2	2	1	2	2	1	2	2	2	2	1
1728	2	21	2	2	1	2	1	3	2	2	1	1	1	2	3	2	2	1	1	3	2	1	2	2	1	2	1	2	2	2	2	1	2	1	2
1729	1	21	2	1	2	1	1	1	1	2	1	1	1	2	1	1	1	1	1	1	1	1	2	1	2	1	1	1	2	2	1	2	1	1	1
1730	99	21	2	2	1	1	1	1	1	1	1	1	1	1	1	1	1	1	1	1	1	1	2	1	1	1	1	1	1	2	2	1	2	2	1
1731	2	21	2	1	1	1	1	1	2	1	1	1	1	1	1	1	1	1	1	2	1	1	1	1	2	1	1	2	2	1	1	1	1	1	1
1732	99	21	2	1	1	2	1	2	1	1	1	1	1	2	2	1	1	1	1	2	1	1	2	1	2	2	1	1	2	1	1	2	2	2	1
1733	1	21	2	1	1	1	1	2	1	2	1	1	1	2	2	1	1	2	1	1	2	1	2	1	2	3	1	2	2	2	2	2	1	2	2
1734	2	22	2	1	1	2	1	1	2	1	2	1	3	1	1	1	1	1	1	1	1	1	1	2	1	1	2	2	1	2	1	1	2	2	2
1735	1	22	2	1	2	2	1	2	2	2	1	1	2	2	1	2	1	2	1	1	1	1	1	1	2	2	1	1	1	2	3	1	2	1	2
1736	1	22	2	1	1	1	1	1	1	1	1	1	1	1	2	1	1	1	1	2	1	1	1	1	2	2	1	1	1	1	1	1	1	1	1
1737	1	22	2	1	1	1	1	2	2	2	2	1	1	1	1	3	1	2	1	1	1	1	2	2	2	1	1	1	2	1	2	1	2	1	2
1738	1	22	2	1	1	1	1	1	1	1	1	1	1	1	1	1	1	1	1	1	1	2	2	1	2	1	1	1	1	2	2	2	2	1	1
1739	2	22	2	1	2	2	1	2	1	2	1	1	1	2	2	1	1	1	1	1	3	3	2	2	2	2	1	2	2	2	2	2	2	1	1
1740	1	22	2	1	1	2	1	1	2	1	2	1	1	1	1	1	1	2	1	2	2	1	2	1	2	1	1	3	1	1	2	1	2	1	2
1741	1	22	2	2	1	1	1	2	1	1	1	2	2	2	1	1	1	1	1	1	2	1	2	1	2	2	1	1	2	2	2	2	3	2	1
1742	1	22	2	2	2	2	1	1	2	1	1	1	1	1	1	1	1	1	1	1	1	1	2	2	3	2	1	1	3	1	3	3	2	2	1
1743	2	22	2	2	1	3	1	1	2	1	1	1	1	1	1	1	1	1	1	2	1	1	2	1	2	2	1	1	2	3	1	1	2	1	2
1744	1	22	2	1	2	1	1	1	3	1	1	2	1	2	1	1	1	1	1	1	1	1	2	1	2	1	1	1	2	1	2	1	1	1	1
1745	1	22	2	2	1	2	1	1	3	1	1	2	1	1	1	2	1	1	1	1	2	1	2	1	3	2	1	2	2	3	2	2	3	3	2
1746	1	22	2	2	2	2	1	1	2	1	1	1	1	1	1	1	1	1	1	2	1	1	2	1	2	2	1	1	1	2	3	1	2	1	1
1747	2	22	2	1	2	2	1	2	2	2	1	1	1	1	1	1	1	1	1	2	1	1	2	1	1	2	1	1	1	1	1	2	1	1	2
1748	1	22	2	1	1	1	1	1	2	1	2	1	1	2	1	1	1	1	1	1	1	1	1	1	2	2	1	1	2	2	1	1	2	1	1
1749	1	22	2	2	1	1	1	2	2	1	1	1	1	2	1	1	1	1	1	1	2	1	1	1	2	2	1	1	2	2	1	2	2	3	1
1750	2	22	2	1	1	1	1	1	2	1	1	1	1	1	1	1	1	1	1	1	1	1	1	1	1	1	1	2	1	2	1	1	2	1	1
1751	1	22	2	1	3	2	1	1	1	1	1	2	1	1	2	1	1	1	1	2	1	1	2	1	2	1	1	1	2	1	1	1	1	2	2
1752	1	22	2	2	1	2	2	1	2	1	1	2	1	1	2	1	1	1	1	1	2	2	1	2	3	2	3	2	3	3	3	3	3	3	2
1753	1	22	2	3	2	1	1	2	3	2	1	1	1	2	1	2	1	1	1	1	2	2	3	3	3	3	2	2	3	3	3	2	2	2	2
1754	2	22	2	2	1	2	1	1	2	2	2	2	2	2	2	1	2	1	1	2	1	2	1	2	1	2	2	3	1	1	1	1	3	1	1
1755	1	22	2	1	1	2	1	1	1	2	1	1	1	1	1	1	1	1	1	1	1	1	1	1	2	1	1	1	1	1	1	1	1	1	1
1756	1	22	2	1	1	2	1	1	1	1	1	1	1	1	1	1	1	1	1	1	1	1	2	1	2	1	1	2	3	2	2	1	1	1	1
1757	2	22	2	2	1	3	1	2	2	2	1	1	2	2	1	1	1	2	2	2	1	2	2	2	2	2	2	2	2	2	2	1	3	1	1
1758	2	22	2	1	3	1	1	2	1	2	2	1	2	2	1	1	2	2	1	1	2	1	2	1	1	1	1	1	2	2	1	2	1	1	1
1759	1	22	2	3	3	3	2	3	3	3	2	2	3	2	3	3	3	1	2	3	3	1	2	1	3	3	3	3	2	3	3	3	3	2	3
1760	1	22	2	1	1	2	2	1	2	2	2	1	1	3	2	1	1	1	1	3	2	1	2	2	2	2	1	1	1	2	1	1	2	1	2
1761	1	22	2	1	2	2	1	3	2	2	1	2	2	3	2	1	2	2	1	1	3	2	2	2	3	3	1	1	3	2	3	3	2	3	2
1762	2	22	2	2	2	2	2	2	2	2	2	2	2	2	2	2	2	2	2	2	2	2	2	2	2	2	2	2	2	2	2	2	2	2	2
1763	2	22	2	2	1	3	1	2	1	1	2	1	1	1	1	2	3	2	1	3	2	1	2	2	2	2	1	2	2	2	2	2	2	1	3
1764	2	11	1	3	2	1	2	1	3	2	2	1	1	3	1	2	1	1	2	2	3	3	1	1	2	2	2	1	3	2	3	2	2	1	1
1765	1	11	1	1	1	1	1	1	2	1	1	1	1	1	1	1	1	1	1	1	1	1	1	1	2	1	1	1	2	1	2	2	2	1	1
1766	2	11	1	1	1	1	1	2	3	2	1	2	1	1	1	2	2	1	1	1	2	1	1	2	2	2	1	2	1	1	2	1	1	1	1
1767	1	11	1	1	1	1	1	1	1	1	1	1	1	1	1	1	1	1	1	1	1	1	1	1	3	1	1	1	1	1	1	1	1	1	1
1768	2	11	1	2	2	1	1	1	2	2	1	1	1	2	2	2	2	2	1	1	2	2	1	2	1	2	1	2	2	3	2	1	2	1	2
1769	1	11	1	2	2	1	1	3	2	1	1	2	2	3	2	2	2	1	2	1	2	2	1	2	2	1	2	3	3	3	3	2	2	2	2
1770	1	11	1	2	1	1	1	1	2	1	2	1	1	2	1	1	1	1	1	1	2	1	1	1	3	3	1	1	3	3	2	3	2	3	1
1771	1	11	1	2	2	1	1	1	3	3	3	1	1	1	2	3	1	1	2	1	2	2	1	1	2	2	1	3	1	1	2	1	1	1	1
1772	1	11	1	1	1	1	1	2	1	1	2	1	2	2	3	2	2	1	1	1	1	1	2	1	2	2	1	2	1	1	2	2	1	1	1
1773	1	11	1	1	2	1	1	2	2	2	1	1	2	2	2	1	1	2	1	1	1	1	1	1	2	2	1	2	3	1	2	2	2	2	2
1774	1	11	1	1	1	1	1	1	1	1	2	1	1	2	1	2	1	2	1	1	2	1	2	2	3	2	1	1	2	2	3	1	1	2	2
1775	1	11	1	1	2	1	1	1	1	2	1	1	2	2	1	1	1	1	1	1	1	1	1	1	1	1	1	2	1	1	1	1	1	1	2
1776	2	11	1	1	1	1	1	1	1	2	1	2	2	2	2	1	2	2	2	1	1	1	1	2	2	1	1	2	1	2	1	1	1	1	1
1777	2	11	1	1	2	1	1	2	2	2	1	2	2	2	2	2	2	1	1	2	1	1	2	2	2	2	1	2	2	1	1	2	1	2	2
1778	2	11	1	1	2	1	1	1	2	1	1	1	1	1	2	1	1	1	2	1	1	1	1	2	1	2	1	2	1	1	1	2	2	1	1
1779	2	11	1	3	2	1	2	1	1	2	2	1	2	3	1	1	3	2	2	2	1	2	1	2	1	1	2	1	1	3	2	1	2	1	1
1780	2	11	1	1	2	1	1	2	2	2	1	2	2	3	3	2	2	2	1	1	2	1	1	1	2	2	2	2	2	1	1	2	2	1	2
1781	2	11	1	2	2	1	1	2	1	2	1	2	2	1	2	2	2	1	1	1	1	1	2	2	3	2	1	2	3	3	2	2	3	1	2
1782	2	11	1	1	2	1	1	1	2	2	1	1	1	1	1	1	2	1	2	1	1	1	1	1	2	1	1	2	1	1	1	1	2	1	1
1783	1	11	1	3	1	1	1	1	2	1	1	1	1	2	1	1	1	1	2	1	2	2	1	2	3	2	1	2	3	2	1	3	2	1	2
1784	2	11	1	1	1	1	1	1	2	1	2	1	1	1	1	2	1	1	1	1	1	2	1	1	1	1	1	1	2	1	1	1	2	2	2
1785	2	11	1	1	1	1	1	1	1	1	1	1	1	1	1	1	1	1	1	1	1	1	1	1	1	1	1	1	1	1	1	1	1	1	1
1786	1	11	1	1	2	1	2	3	2	3	1	1	1	3	1	1	2	3	2	1	3	2	1	3	3	3	1	3	2	2	3	3	3	3	3
1787	1	11	1	3	2	1	2	2	3	2	1	1	2	2	1	2	2	1	3	1	3	3	2	1	3	3	1	3	3	3	3	2	2	2	2
1788	1	11	1	2	2	1	2	1	2	2	2	1	1	2	2	1	2	1	1	2	1	1	1	2	2	1	1	2	2	1	1	1	1	1	2
1789	2	11	1	2	2	1	1	2	2	2	1	1	1	2	2	1	1	1	1	1	2	2	1	1	2	2	1	1	2	2	1	1	1	2	1
1790	99	11	1	1	1	1	1	1	1	1	1	1	1	1	1	1	1	1	1	1	1	1	1	1	1	1	1	1	1	1	1	1	1	1	1
1791	1	11	1	2	3	1	1	3	2	3	1	2	2	3	2	1	1	3	1	1	1	1	3	2	2	2	1	2	2	2	2	2	2	2	1
1792	2	11	1	1	1	1	1	1	1	1	1	1	1	2	1	1	1	1	1	1	1	1	2	1	2	2	1	1	1	1	1	1	2	1	2
1793	2	12	1	1	1	1	1	2	1	1	2	1	1	2	2	1	1	2	1	1	1	1	1	1	1	1	1	2	1	2	2	1	3	1	1
1794	1	12	1	2	2	1	1	2	1	2	1	2	2	3	2	1	2	2	1	1	2	1	1	1	2	1	1	2	2	3	1	1	2	3	2
1795	1	12	1	2	2	1	1	1	1	1	1	2	1	1	1	2	1	1	1	1	2	1	1	1	2	2	1	2	2	3	1	2	2	1	1
1796	2	12	1	1	2	1	1	1	1	2	1	2	1	2	1	1	1	2	1	1	1	1	2	1	1	1	1	2	1	1	1	1	1	1	1
1797	2	12	1	1	2	1	1	2	2	2	1	2	2	2	1	2	2	2	1	1	2	1	2	2	1	1	1	2	1	2	1	1	3	1	2
1798	2	12	1	1	1	1	1	1	1	2	1	2	1	1	1	1	1	1	1	1	1	2	1	1	2	1	1	1	1	1	1	1	1	1	1
1799	2	12	1	1	1	1	1	2	1	1	1	1	1	2	1	1	1	1	1	1	1	1	1	1	1	1	1	1	1	1	1	1	1	1	1
1800	2	12	1	1	2	1	1	1	1	1	1	1	2	1	1	1	1	1	1	1	1	1	2	1	2	1	1	2	1	1	3	1	2	1	1
1801	2	12	1	1	2	1	1	2	1	2	1	2	2	2	2	2	3	1	1	1	1	1	2	2	1	1	1	3	2	1	1	1	2	1	2
1802	1	12	1	1	2	1	1	2	2	2	2	1	1	2	2	1	1	1	1	1	1	1	1	1	1	1	1	2	2	2	1	1	1	1	1
1803	2	12	1	1	1	1	1	2	1	2	1	1	1	2	1	1	1	1	1	1	1	1	2	1	2	2	1	2	2	2	1	1	1	1	1
1804	1	12	1	1	1	1	1	1	1	1	1	1	1	2	1	1	1	1	1	1	1	1	1	1	2	2	1	2	2	1	1	1	1	1	1
1805	1	12	1	2	3	2	1	3	2	2	2	1	2	2	2	1	1	2	1	2	1	1	2	1	2	2	1	2	2	3	3	3	3	3	3
1806	1	12	1	1	2	1	1	1	1	2	1	1	1	2	1	1	1	1	1	1	3	1	2	1	3	2	1	2	2	1	1	1	1	2	1
1807	2	12	1	1	1	1	1	1	1	2	1	1	1	1	2	1	2	2	1	1	1	1	1	1	1	1	1	2	1	1	1	1	1	1	1
1808	1	12	1	2	1	1	1	1	2	1	1	1	2	2	2	1	1	1	1	1	1	1	1	1	3	1	1	1	2	3	3	2	2	1	1
1809	1	12	1	1	1	1	1	1	1	1	1	1	1	1	1	1	1	1	1	1	1	1	1	1	2	2	1	1	1	1	1	1	1	1	1
1810	2	12	1	1	2	1	1	2	1	2	1	2	1	2	3	2	1	2	1	1	1	1	3	2	2	2	1	1	2	2	2	1	2	1	1
1811	1	12	1	1	1	1	1	1	1	1	1	2	1	1	1	1	1	1	1	1	2	1	1	1	2	2	1	1	1	2	1	2	2	2	1
1812	1	12	1	1	1	1	1	1	1	1	1	1	1	1	1	1	1	1	1	1	1	1	1	1	2	2	1	1	2	1	1	1	1	1	1
1813	2	12	1	1	1	1	1	1	1	1	1	2	1	1	1	1	1	1	1	1	1	1	1	1	2	1	1	1	1	1	1	1	1	1	1
1814	1	12	1	2	1	1	1	1	1	1	1	1	1	1	1	3	1	1	1	1	2	2	1	1	2	2	1	1	1	1	2	2	1	2	1
1815	2	12	1	2	1	1	1	3	1	2	2	1	1	2	2	2	1	2	1	1	1	1	2	2	3	2	1	2	2	3	1	2	3	2	2
1816	2	12	1	1	2	1	1	1	1	1	1	1	1	2	1	1	1	1	1	1	1	1	1	1	2	2	1	1	1	1	1	1	1	1	1
1817	2	12	1	1	1	1	1	2	1	1	1	1	1	2	1	1	1	2	1	1	3	3	1	2	2	1	1	1	1	1	1	1	2	1	1
1818	1	12	1	2	2	1	1	3	2	2	1	2	1	1	1	1	1	1	1	1	3	1	1	1	2	2	1	2	3	2	2	2	2	1	1
1819	2	12	1	1	1	1	1	1	1	1	1	1	1	1	1	1	1	1	1	1	1	1	1	1	1	1	1	1	1	1	1	1	1	1	1
